,A1_boolean,A2,A3,A4_categorical,A5,A6_categorical,A7,A8_boolean,A9_boolean,A10,A11_boolean,A12_categorical,A13,A14,target
0,1,27.58,2.04,1,6,4,2.0,1,1,3.0,1,2,370.0,561.0,1
1,1,47.33,6.5,2,8,4,1.0,0,0,0.0,1,2,0.0,229.0,0
2,0,68.67,15.0,2,10,9,0.0,1,1,14.0,0,2,0.0,3377.0,1
3,1,22.67,0.75,2,3,4,1.585,0,1,1.0,1,2,400.0,10.0,0
4,1,69.17,9.0,2,1,1,4.0,0,1,1.0,0,2,70.0,7.0,0
5,1,28.58,3.625,2,6,4,0.25,0,0,0.0,1,2,100.0,1.0,0
6,0,23.58,11.5,1,4,8,3.0,0,0,0.0,1,2,20.0,17.0,0
7,1,28.92,15.0,2,8,8,5.335,1,1,11.0,0,2,0.0,2284.0,1
8,1,31.42,15.5,2,8,4,0.5,1,0,0.0,0,2,120.0,1.0,0
9,1,17.25,3.0,2,4,4,0.04,0,0,0.0,1,2,160.0,41.0,0
10,1,31.58,0.75,1,6,4,3.5,0,0,0.0,1,2,320.0,1.0,0
11,0,47.25,0.75,2,11,8,2.75,1,1,1.0,0,2,333.0,893.0,1
12,1,39.25,9.5,2,7,4,6.5,1,1,14.0,0,2,240.0,4608.0,1
13,0,22.5,8.46,1,14,4,2.46,0,0,0.0,0,2,164.0,1.0,1
14,1,34.0,4.5,2,6,4,1.0,1,0,0.0,1,2,240.0,1.0,0
15,1,26.25,1.54,2,9,4,0.125,0,0,0.0,0,2,100.0,1.0,0
16,1,62.75,7.0,2,10,9,0.0,0,0,0.0,0,2,0.0,13.0,0
17,0,25.58,0.0,2,8,4,0.0,0,0,0.0,0,3,184.0,1.0,1
18,1,31.92,4.46,2,13,8,6.04,1,1,3.0,0,2,311.0,301.0,1
19,0,15.92,2.875,2,11,4,0.085,0,0,0.0,0,2,120.0,1.0,0
20,1,39.92,0.54,1,6,4,0.5,1,1,3.0,0,2,200.0,1001.0,1
21,1,44.0,2.0,2,7,4,1.75,1,1,2.0,1,2,0.0,16.0,1
22,1,54.42,0.5,1,4,8,3.96,1,0,0.0,0,2,180.0,315.0,1
23,0,23.5,1.5,2,9,4,0.875,0,0,0.0,1,2,160.0,1.0,0
24,1,29.58,4.5,2,9,4,7.5,1,1,2.0,1,2,330.0,1.0,1
25,0,19.17,0.585,1,6,4,0.585,1,0,0.0,1,2,160.0,1.0,0
26,1,52.42,1.5,2,2,4,3.75,0,0,0.0,1,2,0.0,351.0,0
27,0,20.08,0.125,2,11,4,1.0,0,1,1.0,0,2,240.0,769.0,1
28,1,22.92,3.165,1,8,4,0.165,0,0,0.0,0,2,160.0,1059.0,0
29,1,21.92,0.5,2,8,4,0.125,0,0,0.0,0,2,360.0,1.0,0
30,1,37.5,0.835,2,10,4,0.04,0,0,0.0,0,2,120.0,6.0,0
31,1,17.08,3.29,2,3,4,0.335,0,0,0.0,1,2,140.0,3.0,0
32,1,31.83,0.04,1,7,4,0.04,0,0,0.0,0,2,0.0,1.0,0
33,1,30.17,1.085,1,8,4,0.04,0,0,0.0,0,2,170.0,180.0,0
34,1,39.5,4.25,2,8,5,6.5,1,1,16.0,0,2,117.0,1211.0,1
35,1,23.58,1.79,2,8,4,0.54,0,0,0.0,1,2,136.0,2.0,0
36,0,18.92,9.0,2,6,4,0.75,1,1,2.0,0,2,88.0,592.0,1
37,1,60.08,14.5,2,1,1,18.0,1,1,15.0,1,2,0.0,1001.0,1
38,1,36.75,0.125,1,8,4,1.5,0,0,0.0,1,2,232.0,114.0,1
39,1,26.67,1.75,1,8,4,1.0,1,1,5.0,1,2,160.0,5778.0,1
40,0,21.75,1.75,1,5,3,0.0,0,0,0.0,0,2,160.0,1.0,0
41,0,32.33,0.54,2,13,4,0.04,1,0,0.0,0,2,440.0,11178.0,1
42,1,27.25,0.625,2,6,4,0.455,1,0,0.0,1,2,200.0,1.0,0
43,1,37.33,2.665,2,13,4,0.165,0,0,0.0,1,2,0.0,502.0,0
44,1,32.25,14.0,1,1,1,0.0,0,1,2.0,0,2,160.0,2.0,0
45,0,18.75,7.5,2,11,4,2.71,1,1,5.0,0,2,184.0,26727.0,1
46,0,49.0,1.5,2,5,3,0.0,1,0,0.0,1,2,100.0,28.0,0
47,1,48.17,7.625,2,9,8,15.5,1,1,12.0,0,2,0.0,791.0,1
48,1,32.25,0.165,1,8,8,3.25,1,1,1.0,1,2,432.0,8001.0,1
49,1,42.75,3.0,2,3,5,1.0,1,0,0.0,0,2,0.0,201.0,0
50,1,35.25,3.165,2,14,8,3.75,1,0,0.0,1,2,680.0,1.0,0
51,0,18.58,10.0,2,2,4,0.415,0,0,0.0,0,2,80.0,43.0,0
52,0,16.92,0.5,2,3,4,0.165,0,1,6.0,1,2,240.0,36.0,0
53,1,38.17,10.125,2,14,4,2.5,1,1,6.0,0,2,520.0,197.0,1
54,0,20.42,0.835,2,11,4,1.585,1,1,1.0,0,2,0.0,1.0,1
55,1,20.0,7.0,2,8,4,0.5,0,0,0.0,0,2,0.0,1.0,0
56,1,32.33,2.5,2,8,4,1.25,0,0,0.0,1,2,280.0,1.0,0
57,1,29.67,1.415,2,9,8,0.75,1,1,1.0,0,2,240.0,101.0,1
58,1,25.25,1.0,2,6,4,0.5,0,0,0.0,0,2,200.0,1.0,0
59,1,22.33,11.0,2,9,4,2.0,1,1,1.0,0,2,80.0,279.0,1
60,1,38.92,1.75,2,4,4,0.5,0,0,0.0,1,2,300.0,3.0,0
61,0,37.75,5.5,2,11,4,0.125,1,0,0.0,1,2,228.0,1.0,1
62,1,41.58,1.75,2,4,4,0.21,1,0,0.0,0,2,160.0,1.0,0
63,1,26.92,2.25,2,3,5,0.5,0,0,0.0,1,2,640.0,4001.0,0
64,1,34.17,1.54,2,13,4,1.54,1,1,1.0,1,2,520.0,50001.0,1
65,1,28.33,5.0,2,9,4,11.0,1,0,0.0,1,2,70.0,1.0,1
66,1,36.08,2.54,2,1,1,0.0,0,0,0.0,0,2,0.0,1001.0,0
67,1,32.33,7.5,2,10,5,1.585,1,0,0.0,1,1,420.0,1.0,0
68,1,51.42,0.04,2,14,8,0.04,1,0,0.0,0,2,0.0,3001.0,1
69,1,31.57,0.625,2,4,4,0.25,0,0,0.0,0,2,380.0,2011.0,0
70,1,30.17,0.5,2,8,4,1.75,1,1,11.0,0,2,32.0,541.0,1
71,0,24.92,1.25,2,1,1,0.0,1,0,0.0,0,2,80.0,1.0,0
72,0,29.75,0.665,2,9,4,0.25,0,0,0.0,1,2,300.0,1.0,0
73,1,32.42,2.165,1,4,1,0.0,0,0,0.0,0,2,120.0,1.0,0
74,1,27.83,1.5,2,9,4,2.0,1,1,11.0,1,2,434.0,36.0,1
75,1,59.67,1.54,2,11,4,0.125,1,0,0.0,1,2,260.0,1.0,1
76,1,32.42,3.0,2,2,4,0.165,0,0,0.0,1,2,120.0,1.0,0
77,1,76.75,22.29,2,10,9,12.75,1,1,1.0,1,2,0.0,110.0,1
78,1,13.75,4.0,1,9,4,1.75,1,1,2.0,1,2,120.0,1001.0,1
79,1,30.08,1.04,1,3,5,0.5,1,1,10.0,1,2,132.0,29.0,0
80,1,21.17,0.875,1,8,8,0.25,0,0,0.0,0,2,280.0,205.0,0
81,1,36.33,2.125,1,9,4,0.085,1,1,1.0,0,2,50.0,1188.0,1
82,1,54.58,9.415,2,1,1,14.415,1,1,11.0,1,2,30.0,301.0,1
83,0,38.92,1.665,2,6,4,0.25,0,0,0.0,0,2,0.0,391.0,0
84,1,41.17,1.335,2,2,4,0.165,0,0,0.0,0,2,168.0,1.0,0
85,0,22.83,2.29,2,11,8,2.29,1,1,7.0,1,2,140.0,2385.0,1
86,1,26.67,2.71,1,13,4,5.25,1,1,1.0,0,2,211.0,1.0,1
87,0,17.92,0.54,2,8,4,1.75,0,1,1.0,1,2,80.0,6.0,0
88,0,30.58,10.665,2,11,8,0.085,0,1,12.0,1,2,129.0,4.0,0
89,1,23.5,3.165,1,4,4,0.415,0,1,1.0,1,2,280.0,81.0,0
90,0,20.08,1.25,2,8,4,0.0,0,0,0.0,0,2,0.0,1.0,0
91,1,29.83,2.04,1,14,8,0.04,0,0,0.0,0,2,128.0,2.0,0
92,1,45.17,1.5,2,8,4,2.5,1,0,0.0,1,2,140.0,1.0,0
93,1,25.08,1.71,2,14,4,1.665,1,1,1.0,1,2,395.0,21.0,1
94,1,34.17,5.25,2,9,4,0.085,0,0,0.0,1,2,290.0,7.0,1
95,1,38.58,3.335,2,9,4,4.0,1,1,14.0,0,2,383.0,1345.0,1
96,1,34.75,15.0,2,12,7,5.375,1,1,9.0,1,2,0.0,135.0,1
97,0,22.67,0.79,2,3,4,0.085,0,0,0.0,0,2,144.0,1.0,0
98,0,17.33,9.5,2,6,4,1.75,0,1,10.0,1,2,0.0,11.0,0
99,1,31.57,10.5,2,14,4,6.5,1,0,0.0,0,2,0.0,1.0,1
100,1,36.17,0.42,1,9,4,0.29,0,0,0.0,1,2,309.0,3.0,0
101,1,21.5,9.75,2,8,4,0.25,1,0,0.0,0,2,140.0,1.0,0
102,0,25.25,13.5,1,1,1,2.0,0,1,1.0,1,2,200.0,2.0,0
103,0,58.67,4.46,2,11,8,3.04,1,1,6.0,0,2,43.0,561.0,1
104,1,49.5,7.585,2,3,5,7.585,1,1,15.0,1,2,0.0,5001.0,1
105,0,23.25,5.875,2,11,4,3.17,1,1,10.0,0,2,120.0,246.0,1
106,0,24.5,1.04,1,1,1,0.5,1,1,3.0,0,2,180.0,148.0,0
107,0,28.67,1.04,2,8,4,2.5,1,1,5.0,1,2,300.0,1431.0,1
108,1,25.0,12.0,2,4,4,2.25,1,1,2.0,1,2,120.0,6.0,0
109,1,34.67,1.08,2,7,4,1.165,0,0,0.0,0,1,28.0,1.0,0
110,1,41.5,1.54,2,3,5,3.5,0,0,0.0,0,2,216.0,1.0,1
111,1,24.08,0.875,2,7,4,0.085,0,1,4.0,0,2,254.0,1951.0,0
112,1,22.67,1.585,1,9,4,3.085,1,1,6.0,0,2,80.0,1.0,1
113,1,25.67,3.25,2,8,8,2.29,0,1,1.0,1,2,416.0,22.0,0
114,0,27.25,0.29,2,7,8,0.125,0,1,1.0,1,2,272.0,109.0,0
115,0,71.58,0.0,2,8,4,0.0,0,0,0.0,0,3,184.0,1.0,1
116,1,25.75,0.5,2,8,4,1.46,1,1,5.0,1,2,312.0,1.0,1
117,1,34.17,9.17,2,8,4,4.5,1,1,12.0,1,2,0.0,222.0,1
118,0,45.33,1.0,2,11,4,0.125,0,0,0.0,1,2,263.0,1.0,0
119,0,32.17,1.46,2,9,4,1.085,1,1,16.0,0,2,120.0,2080.0,1
120,0,52.17,0.0,1,1,1,0.0,0,0,0.0,0,2,0.0,1.0,0
121,0,36.75,5.125,2,10,4,5.0,1,0,0.0,1,2,0.0,4001.0,1
122,1,23.25,12.625,2,8,4,0.125,0,1,2.0,0,2,0.0,5553.0,0
123,1,28.17,0.125,1,4,4,0.085,0,0,0.0,0,2,216.0,2101.0,0
124,1,55.92,11.5,2,1,1,5.0,1,1,5.0,0,2,0.0,8852.0,1
125,1,20.75,5.085,1,5,4,0.29,0,0,0.0,0,2,140.0,185.0,0
126,1,42.83,4.625,2,11,4,4.58,1,0,0.0,0,1,0.0,1.0,1
127,1,40.92,0.835,2,1,1,0.0,1,0,0.0,0,2,130.0,2.0,0
128,1,21.83,11.0,2,14,4,0.29,1,1,6.0,0,2,121.0,1.0,1
129,1,19.33,10.915,2,8,5,0.585,0,1,2.0,1,2,200.0,8.0,0
130,1,35.17,2.5,2,4,4,4.5,1,1,7.0,0,2,150.0,1271.0,1
131,1,24.17,0.875,2,11,4,4.625,1,1,2.0,1,2,520.0,2001.0,1
132,1,33.17,3.04,1,8,8,2.04,1,1,1.0,1,2,180.0,18028.0,1
133,1,21.42,0.75,1,12,7,0.75,0,0,0.0,1,2,132.0,3.0,0
134,1,16.17,0.04,2,8,4,0.04,0,0,0.0,0,2,0.0,1.0,1
135,1,48.75,8.5,2,8,8,12.5,1,1,9.0,0,2,181.0,1656.0,1
136,0,22.92,11.585,2,13,4,0.04,1,0,0.0,0,2,80.0,1350.0,1
137,0,18.17,10.0,1,11,8,0.165,0,0,0.0,0,2,340.0,1.0,0
138,0,20.75,10.335,2,13,8,0.335,1,1,1.0,1,2,80.0,51.0,1
139,0,19.75,0.75,2,8,4,0.795,1,1,5.0,1,2,140.0,6.0,0
140,1,22.08,0.83,2,8,8,2.165,0,0,0.0,1,2,128.0,1.0,1
141,0,39.08,4.0,2,8,4,3.0,0,0,0.0,0,2,480.0,1.0,0
142,0,29.5,2.0,1,10,8,2.0,0,0,0.0,0,2,256.0,18.0,0
143,1,29.25,14.79,2,6,4,5.04,1,1,5.0,1,2,168.0,1.0,1
144,0,31.57,3.5,2,2,4,3.0,1,0,0.0,1,2,300.0,1.0,0
145,1,21.33,7.5,2,6,4,1.415,1,1,1.0,0,2,80.0,9801.0,1
146,1,25.0,11.25,2,8,4,2.5,1,1,17.0,0,2,200.0,1209.0,1
147,0,18.08,0.375,3,13,1,10.0,0,0,0.0,1,1,300.0,1.0,1
148,1,26.67,14.585,2,3,5,0.0,0,0,0.0,1,2,178.0,1.0,0
149,0,21.92,11.665,2,4,8,0.085,0,0,0.0,0,2,320.0,6.0,0
150,0,25.42,1.125,2,11,4,1.29,1,1,2.0,0,2,200.0,1.0,0
151,1,41.92,0.42,2,8,8,0.21,1,1,6.0,0,2,220.0,949.0,1
152,1,19.17,4.0,1,3,4,1.0,0,0,0.0,1,2,360.0,1001.0,0
153,1,24.42,12.335,2,11,8,1.585,1,0,0.0,1,2,120.0,1.0,1
154,0,29.5,1.085,1,14,4,1.0,0,0,0.0,0,2,280.0,14.0,0
155,1,24.58,12.5,2,9,4,0.875,1,0,0.0,1,2,260.0,1.0,0
156,0,21.08,5.0,1,1,1,0.0,0,0,0.0,0,2,0.0,1.0,0
157,1,24.5,13.335,1,6,4,0.04,0,0,0.0,1,2,120.0,476.0,0
158,1,34.25,1.75,2,9,5,0.25,1,0,0.0,1,2,163.0,1.0,0
159,1,22.92,0.17,2,7,4,0.085,0,0,0.0,0,1,0.0,1.0,0
160,1,56.42,28.0,1,8,4,28.5,1,1,40.0,0,2,0.0,16.0,1
161,1,26.17,0.835,2,13,4,1.165,0,0,0.0,0,2,100.0,1.0,0
162,0,27.42,14.5,2,14,8,3.085,1,1,1.0,0,2,120.0,12.0,1
163,1,23.25,1.0,2,8,4,0.835,1,0,0.0,0,1,300.0,1.0,1
164,1,18.08,5.5,2,4,4,0.5,1,0,0.0,0,2,80.0,1.0,1
165,1,41.75,0.96,2,14,4,2.5,1,0,0.0,0,2,510.0,601.0,1
166,0,24.75,13.665,2,11,8,1.5,0,0,0.0,0,2,280.0,2.0,0
167,1,18.67,5.0,2,11,4,0.375,1,1,2.0,0,2,0.0,39.0,0
168,0,15.83,0.585,2,8,8,1.5,1,1,2.0,0,2,100.0,1.0,1
169,1,29.83,3.5,2,8,4,0.165,0,0,0.0,0,2,216.0,1.0,0
170,1,48.25,25.085,2,9,4,1.75,1,1,3.0,0,2,120.0,15.0,1
171,1,39.42,1.71,1,7,4,0.165,0,0,0.0,0,1,400.0,1.0,0
172,0,33.08,1.625,2,2,4,0.54,0,0,0.0,1,2,0.0,1.0,0
173,1,22.17,0.585,1,1,1,0.0,0,0,0.0,0,2,100.0,1.0,0
174,1,18.58,10.29,2,1,1,0.415,0,0,0.0,0,2,80.0,1.0,0
175,1,49.58,19.0,2,1,1,0.0,1,1,1.0,0,2,94.0,1.0,0
176,0,60.58,16.5,2,11,4,11.0,1,0,0.0,1,2,21.0,10562.0,1
177,1,18.0,0.165,2,11,7,0.21,0,0,0.0,0,2,200.0,41.0,1
178,1,23.33,1.5,2,8,8,1.415,1,0,0.0,0,2,422.0,201.0,1
179,1,18.17,2.46,2,8,7,0.96,0,1,2.0,1,2,160.0,588.0,0
180,1,37.58,0.0,2,8,4,0.0,0,0,0.0,0,3,184.0,1.0,1
181,1,73.42,17.75,2,1,1,0.0,1,0,0.0,1,2,0.0,1.0,1
182,0,25.17,2.875,2,14,8,0.875,1,0,0.0,0,2,360.0,1.0,1
183,0,26.92,13.5,2,11,8,5.0,1,1,2.0,0,2,0.0,5001.0,1
184,0,22.5,11.0,1,11,4,3.0,1,0,0.0,1,2,268.0,1.0,0
185,1,56.58,18.5,2,2,5,15.0,1,1,17.0,1,2,0.0,1.0,1
186,1,19.5,9.585,2,6,4,0.79,0,0,0.0,0,2,80.0,351.0,0
187,1,39.08,6.0,2,7,4,1.29,1,1,5.0,1,2,108.0,1098.0,1
188,0,47.0,13.0,2,3,5,5.165,1,1,9.0,1,2,0.0,1.0,1
189,1,22.5,11.5,1,7,4,1.5,0,0,0.0,1,2,0.0,4001.0,0
190,1,25.17,6.0,2,8,4,1.0,1,1,3.0,0,2,0.0,1.0,1
191,1,19.58,0.585,2,1,1,0.0,0,1,3.0,0,2,350.0,770.0,0
192,1,40.58,1.5,2,3,5,0.0,0,0,0.0,0,1,300.0,1.0,0
193,1,15.17,7.0,2,10,4,1.0,0,0,0.0,0,2,600.0,1.0,0
194,1,33.0,2.5,1,9,4,7.0,0,0,0.0,1,2,280.0,1.0,0
195,1,25.75,0.75,2,8,5,0.25,1,0,0.0,0,2,349.0,24.0,1
196,1,23.08,0.0,2,4,4,1.0,0,1,11.0,0,1,0.0,1.0,0
197,1,58.58,2.71,2,8,4,2.415,0,0,0.0,1,2,320.0,1.0,0
198,1,33.75,2.75,2,3,5,0.0,0,0,0.0,0,2,180.0,1.0,0
199,1,28.25,5.04,1,8,5,1.5,1,1,8.0,1,2,144.0,8.0,1
200,0,30.25,5.5,2,4,4,5.5,0,0,0.0,1,1,100.0,1.0,0
201,1,48.5,4.25,2,7,4,0.125,1,0,0.0,1,2,225.0,1.0,1
202,0,22.42,5.665,2,11,4,2.585,1,1,7.0,0,2,129.0,3258.0,1
203,0,21.25,2.335,2,3,5,0.5,1,1,4.0,0,1,80.0,1.0,1
204,1,37.17,4.0,2,8,5,5.0,1,0,0.0,1,1,280.0,1.0,0
205,1,33.67,2.165,2,8,4,1.5,0,0,0.0,0,3,120.0,1.0,0
206,0,20.83,8.5,2,8,4,0.165,0,0,0.0,0,2,0.0,352.0,0
207,1,32.83,2.5,2,13,8,2.75,1,1,6.0,0,2,160.0,2073.0,1
208,1,43.0,0.29,1,13,8,1.75,1,1,8.0,0,2,100.0,376.0,1
209,1,67.75,5.5,2,10,9,13.0,1,1,1.0,1,2,0.0,1.0,1
210,1,21.0,4.79,1,9,4,2.25,1,1,1.0,1,2,80.0,301.0,1
211,1,32.08,4.0,2,7,4,2.5,1,0,0.0,1,2,360.0,1.0,1
212,1,52.33,1.375,1,8,8,9.46,1,0,0.0,1,2,200.0,101.0,0
213,1,17.42,6.5,2,3,4,0.125,0,0,0.0,0,2,60.0,101.0,0
214,0,25.0,12.33,2,13,8,3.5,1,1,6.0,0,2,400.0,459.0,1
215,1,22.58,10.04,2,14,4,0.04,1,1,9.0,0,2,60.0,397.0,1
216,1,22.5,0.125,1,4,4,0.125,0,0,0.0,0,2,200.0,71.0,0
217,1,41.17,1.25,1,9,4,0.25,0,0,0.0,0,2,0.0,196.0,0
218,1,20.67,0.415,2,8,4,0.125,0,0,0.0,0,2,0.0,45.0,0
219,1,28.92,0.375,2,8,4,0.29,0,0,0.0,0,2,220.0,141.0,0
220,1,29.17,3.5,2,9,4,3.5,1,1,3.0,1,2,329.0,1.0,0
221,1,40.25,21.5,2,10,9,20.0,1,1,11.0,0,2,0.0,1201.0,1
222,1,39.17,1.625,2,8,4,1.5,1,1,10.0,0,2,186.0,4701.0,1
223,1,27.0,0.75,2,8,8,4.25,1,1,3.0,1,2,312.0,151.0,1
224,1,54.33,6.75,2,8,8,2.625,1,1,11.0,1,2,0.0,285.0,1
225,1,34.83,2.5,1,9,4,3.0,0,0,0.0,0,1,200.0,1.0,0
226,1,23.0,0.625,1,6,4,0.125,1,0,0.0,0,2,180.0,2.0,0
227,0,22.5,0.415,2,3,4,0.335,0,0,0.0,1,1,144.0,1.0,0
228,1,31.0,2.085,2,8,4,0.085,0,0,0.0,0,2,300.0,1.0,0
229,1,22.17,12.125,2,8,4,3.335,0,1,2.0,1,2,180.0,174.0,0
230,1,17.08,0.085,1,8,4,0.04,0,0,0.0,0,2,140.0,723.0,0
231,1,25.17,3.0,2,8,4,1.25,0,1,1.0,0,2,0.0,23.0,0
232,1,31.57,4.0,2,14,4,5.0,1,1,3.0,1,2,290.0,2280.0,1
233,1,37.42,2.04,2,9,4,0.04,1,0,0.0,1,2,400.0,5801.0,1
234,1,28.25,5.125,2,14,4,4.75,1,1,2.0,0,2,420.0,8.0,1
235,0,57.58,2.0,2,1,1,6.5,0,1,1.0,0,2,0.0,11.0,0
236,1,23.42,0.585,2,8,8,0.085,1,0,0.0,0,2,180.0,1.0,0
237,1,22.25,9.0,2,6,4,0.085,0,0,0.0,0,2,0.0,1.0,0
238,1,32.92,2.5,2,6,4,1.75,0,1,2.0,1,2,720.0,1.0,0
239,1,26.75,2.0,2,2,4,0.75,0,0,0.0,1,2,80.0,1.0,0
240,1,43.17,2.25,2,3,5,0.75,1,0,0.0,0,2,560.0,1.0,0
241,1,41.42,5.0,2,11,8,5.0,1,1,6.0,1,2,470.0,1.0,1
242,1,56.0,12.5,2,4,8,8.0,1,0,0.0,1,2,24.0,2029.0,1
243,1,18.5,2.0,2,3,4,1.5,1,1,2.0,0,2,120.0,301.0,1
244,1,22.75,11.5,2,3,4,0.415,0,0,0.0,0,2,0.0,1.0,0
245,1,34.92,5.0,2,14,8,7.5,1,1,6.0,1,2,0.0,1001.0,1
246,1,28.67,9.335,2,11,8,5.665,1,1,6.0,0,2,381.0,169.0,1
247,1,63.33,0.54,2,8,4,0.585,1,1,3.0,1,2,180.0,1.0,0
248,1,20.0,11.045,2,8,4,2.0,0,0,0.0,1,2,136.0,1.0,0
249,1,59.5,2.75,2,9,4,1.75,1,1,5.0,1,2,60.0,59.0,1
250,0,44.33,0.0,2,8,4,2.5,1,0,0.0,0,2,0.0,1.0,1
251,1,20.67,5.29,2,11,4,0.375,1,1,1.0,0,2,160.0,1.0,0
252,1,26.75,1.125,2,14,8,1.25,1,0,0.0,0,2,0.0,5299.0,1
253,1,37.5,1.125,1,2,4,1.5,0,0,0.0,1,2,431.0,1.0,1
254,0,33.67,0.375,2,13,4,0.375,0,0,0.0,0,2,300.0,45.0,1
255,1,36.67,2.0,2,3,4,0.25,0,0,0.0,1,2,221.0,1.0,0
256,1,20.42,1.835,2,8,4,2.25,1,1,1.0,0,2,100.0,151.0,1
257,1,27.58,3.25,1,11,8,5.085,0,1,2.0,1,2,369.0,2.0,0
258,1,20.17,5.625,2,9,4,1.71,1,0,0.0,0,1,120.0,1.0,1
259,1,32.75,2.335,2,2,8,5.75,0,0,0.0,1,2,292.0,1.0,0
260,1,30.58,2.71,1,7,4,0.125,0,0,0.0,1,1,80.0,1.0,0
261,0,35.42,12.0,2,11,8,14.0,1,1,8.0,0,2,0.0,6591.0,1
262,0,16.5,1.25,2,11,4,0.25,0,1,1.0,0,2,108.0,99.0,0
263,1,20.42,1.085,2,11,4,1.5,0,0,0.0,0,2,108.0,8.0,0
264,1,49.17,2.29,2,1,1,0.29,0,0,0.0,0,2,200.0,4.0,0
265,0,52.83,15.0,2,8,4,5.5,1,1,14.0,0,2,0.0,2201.0,1
266,0,29.5,0.46,2,4,4,0.54,1,1,4.0,0,2,380.0,501.0,1
267,1,21.25,1.5,2,9,4,1.5,0,0,0.0,0,2,150.0,9.0,1
268,0,56.5,16.0,2,5,1,0.0,1,1,15.0,0,2,0.0,248.0,1
269,0,27.17,1.25,2,1,1,0.0,0,1,1.0,0,2,92.0,301.0,0
270,0,34.83,1.25,1,3,8,0.5,0,0,0.0,1,2,160.0,1.0,0
271,1,20.5,10.0,1,8,4,2.5,1,0,0.0,0,1,40.0,1.0,1
272,1,19.67,10.0,1,4,8,0.835,1,0,0.0,1,2,140.0,1.0,0
273,0,28.58,3.75,2,8,4,0.25,0,1,1.0,1,2,40.0,155.0,0
274,0,22.58,10.75,2,11,4,0.415,1,1,5.0,1,2,0.0,561.0,1
275,0,25.0,11.0,1,6,4,4.5,1,0,0.0,0,2,120.0,1.0,0
276,1,18.83,0.0,2,11,4,0.665,0,0,0.0,0,2,160.0,2.0,0
277,0,22.67,0.75,2,8,4,2.0,0,1,2.0,1,2,200.0,395.0,0
278,1,35.0,2.5,2,3,4,1.0,0,0,0.0,1,2,210.0,1.0,0
279,1,24.83,2.75,2,8,4,2.25,1,1,6.0,0,2,184.0,601.0,1
280,0,27.67,1.5,2,7,4,2.0,1,0,0.0,0,1,368.0,1.0,0
281,1,31.67,0.83,2,14,4,1.335,1,1,8.0,1,2,303.0,3291.0,1
282,1,32.67,5.5,2,11,8,5.5,1,1,12.0,1,2,408.0,1001.0,1
283,1,23.58,0.835,2,3,8,0.085,0,0,0.0,1,2,220.0,6.0,0
284,1,24.75,0.54,2,7,4,1.0,0,0,0.0,1,2,120.0,2.0,0
285,0,19.58,0.665,2,9,4,1.665,0,0,0.0,0,2,220.0,6.0,0
286,1,21.33,10.5,2,8,4,3.0,1,0,0.0,1,2,0.0,1.0,1
287,1,34.58,0.0,2,8,4,0.0,0,0,0.0,0,3,184.0,1.0,0
288,0,24.08,0.5,2,11,8,1.25,1,1,1.0,0,2,0.0,679.0,1
289,0,28.58,3.54,2,3,5,0.5,1,0,0.0,1,2,171.0,1.0,0
290,1,27.42,12.5,2,6,5,0.25,0,0,0.0,1,2,720.0,1.0,0
291,1,19.67,0.375,2,11,4,2.0,1,1,2.0,1,2,80.0,1.0,1
292,1,42.5,4.915,1,9,4,3.165,1,0,0.0,1,2,52.0,1443.0,1
293,1,27.83,1.54,2,9,4,3.75,1,1,5.0,1,2,100.0,4.0,1
294,0,28.08,15.0,1,10,9,0.0,1,0,0.0,0,2,0.0,13213.0,1
295,1,23.92,1.5,2,2,8,1.875,1,1,6.0,0,2,200.0,328.0,1
296,1,32.75,1.5,2,13,8,5.5,1,1,3.0,1,2,0.0,1.0,1
297,1,30.67,2.5,2,13,8,2.25,0,0,0.0,1,1,340.0,1.0,0
298,1,18.33,1.21,1,10,2,0.0,0,0,0.0,0,2,100.0,1.0,0
299,0,25.0,0.875,2,14,8,1.04,1,0,0.0,1,2,160.0,5861.0,1
300,1,20.17,8.17,2,6,4,1.96,1,1,14.0,0,2,60.0,159.0,1
301,0,44.17,6.665,2,11,4,7.375,1,1,3.0,1,2,0.0,1.0,1
302,1,35.25,16.5,1,8,4,4.0,1,0,0.0,0,2,80.0,1.0,0
303,1,31.57,0.375,2,2,4,0.875,1,0,0.0,1,1,928.0,1.0,0
304,1,47.17,5.835,2,9,4,5.5,0,0,0.0,0,2,465.0,151.0,0
305,1,22.75,11.0,2,11,4,2.5,1,1,7.0,1,2,100.0,810.0,1
306,1,43.25,3.0,2,11,8,6.0,1,1,11.0,0,2,80.0,1.0,1
307,1,26.33,13.0,2,10,2,0.0,0,0,0.0,1,2,140.0,1111.0,0
308,0,36.58,0.29,2,1,1,0.0,0,1,10.0,0,2,200.0,19.0,0
309,1,34.75,2.5,2,13,5,0.5,0,0,0.0,0,2,348.0,1.0,0
310,0,52.5,7.0,2,6,8,3.0,0,0,0.0,0,2,0.0,1.0,0
311,0,20.67,1.835,2,11,4,2.085,1,1,5.0,0,2,220.0,2504.0,1
312,1,42.0,0.205,2,3,8,5.125,1,0,0.0,0,2,400.0,1.0,1
313,1,18.83,3.54,1,1,1,0.0,0,0,0.0,1,2,180.0,2.0,0
314,1,18.25,0.165,2,2,4,0.25,0,0,0.0,1,1,280.0,1.0,0
315,1,31.08,1.5,1,9,4,0.04,0,0,0.0,0,1,160.0,1.0,0
316,0,19.17,5.415,2,3,8,0.29,0,0,0.0,0,2,80.0,485.0,0
317,0,49.83,13.585,2,4,8,8.5,1,0,0.0,1,2,0.0,1.0,1
318,1,35.17,25.125,2,14,8,1.625,1,1,1.0,1,2,515.0,501.0,1
319,1,48.58,6.5,2,11,8,6.0,1,0,0.0,1,2,350.0,1.0,1
320,0,18.25,10.0,2,9,4,1.0,0,1,1.0,0,2,120.0,2.0,0
321,1,37.33,6.5,2,7,8,4.25,1,1,12.0,1,2,93.0,1.0,1
322,0,32.25,1.5,2,8,4,0.25,0,0,0.0,1,2,372.0,123.0,0
323,0,28.42,3.5,2,9,4,0.835,1,0,0.0,0,1,280.0,1.0,1
324,0,31.57,1.5,2,1,1,0.0,0,1,2.0,1,2,200.0,106.0,0
325,0,25.75,0.5,2,8,8,0.875,1,0,0.0,1,2,491.0,1.0,1
326,1,33.17,1.0,2,14,4,0.75,1,1,7.0,1,2,340.0,4072.0,1
327,0,50.08,12.54,2,6,4,2.29,1,1,3.0,1,2,156.0,1.0,1
328,0,24.58,0.67,2,6,8,1.75,1,0,0.0,0,2,400.0,1.0,0
329,1,36.33,3.79,2,9,4,1.165,1,0,0.0,1,2,200.0,1.0,0
330,1,31.67,16.165,2,2,4,3.0,1,1,9.0,0,2,250.0,731.0,1
331,1,41.0,0.04,2,10,4,0.04,0,1,1.0,0,1,560.0,1.0,1
332,0,38.25,6.0,2,4,4,1.0,1,0,0.0,1,2,0.0,1.0,1
333,1,26.83,0.54,2,4,1,0.0,0,0,0.0,0,2,100.0,1.0,0
334,1,23.92,0.585,1,13,8,0.125,0,0,0.0,0,2,240.0,2.0,0
335,0,40.83,3.5,2,3,5,0.5,0,0,0.0,0,1,1160.0,1.0,0
336,1,21.83,0.25,2,2,8,0.665,1,0,0.0,1,2,0.0,1.0,1
337,0,46.0,4.0,2,5,3,0.0,1,0,0.0,0,2,100.0,961.0,1
338,1,65.42,11.0,2,10,9,20.0,1,1,7.0,1,2,22.0,1.0,1
339,1,29.92,1.835,2,8,8,4.335,1,0,0.0,0,2,260.0,201.0,1
340,0,35.75,0.915,2,6,4,0.75,1,1,4.0,0,2,0.0,1584.0,1
341,0,31.25,3.75,2,13,8,0.625,1,1,9.0,1,2,181.0,1.0,1
342,1,51.83,3.0,1,1,1,1.5,0,0,0.0,0,2,180.0,5.0,0
343,1,23.08,2.5,2,8,4,1.085,1,1,11.0,1,2,60.0,2185.0,1
344,1,19.42,6.5,2,9,8,1.46,1,1,7.0,0,2,80.0,2955.0,1
345,1,21.08,4.125,1,3,8,0.04,0,0,0.0,0,2,140.0,101.0,0
346,1,23.25,4.0,2,8,5,0.25,1,0,0.0,1,2,160.0,1.0,1
347,0,41.17,6.5,2,11,4,0.5,1,1,3.0,1,2,145.0,1.0,1
348,1,24.33,6.625,1,2,4,5.5,1,0,0.0,1,1,100.0,1.0,1
349,0,64.08,0.165,2,1,1,0.0,1,1,1.0,0,2,232.0,101.0,1
350,1,33.67,1.25,2,9,4,1.165,0,0,0.0,0,2,120.0,1.0,0
351,0,20.75,9.54,2,3,4,0.04,0,0,0.0,0,2,200.0,1001.0,0
352,1,28.75,1.165,2,4,4,0.5,1,0,0.0,0,1,280.0,1.0,0
353,1,18.42,10.415,1,6,4,0.125,1,0,0.0,0,2,120.0,376.0,0
354,0,24.5,1.75,1,8,4,0.165,0,0,0.0,0,2,132.0,1.0,0
355,1,31.08,3.085,2,8,4,2.5,0,1,2.0,1,2,160.0,42.0,0
356,1,31.25,1.125,2,1,1,0.0,0,1,1.0,0,2,96.0,20.0,0
357,1,39.92,6.21,2,11,4,0.04,1,1,1.0,0,2,200.0,301.0,1
358,1,23.25,1.5,2,11,4,2.375,1,1,3.0,1,2,0.0,583.0,1
359,1,25.5,0.375,2,7,4,0.25,1,1,3.0,0,2,260.0,15109.0,1
360,0,26.58,2.54,1,1,1,0.0,0,0,0.0,1,2,180.0,61.0,0
361,1,39.0,5.0,2,13,4,3.5,1,1,10.0,1,2,0.0,1.0,1
362,1,43.17,5.0,2,3,5,2.25,0,0,0.0,1,2,141.0,1.0,0
363,1,17.58,10.0,2,9,8,0.165,0,1,1.0,0,2,120.0,2.0,0
364,1,22.08,2.335,2,4,4,0.75,0,0,0.0,0,2,180.0,1.0,0
365,0,30.67,12.0,2,8,4,2.0,1,1,1.0,0,2,220.0,20.0,1
366,1,20.67,1.25,1,8,8,1.375,1,1,3.0,1,2,140.0,211.0,0
367,0,28.5,1.0,2,11,4,1.0,1,1,2.0,1,2,167.0,501.0,0
368,1,34.42,4.25,2,3,5,3.25,1,1,2.0,0,2,274.0,611.0,1
369,0,60.92,5.0,2,6,4,4.0,1,1,4.0,0,2,0.0,100.0,1
370,1,41.17,4.04,2,13,8,7.0,1,1,8.0,0,2,320.0,1.0,1
371,1,45.0,8.5,2,13,8,14.0,1,1,1.0,1,2,88.0,2001.0,1
372,1,29.83,1.25,1,4,4,0.25,0,0,0.0,0,2,224.0,1.0,0
373,1,26.17,12.5,1,4,8,1.25,0,0,0.0,1,2,0.0,18.0,0
374,0,16.08,0.335,2,1,1,0.0,0,1,1.0,0,2,160.0,127.0,0
375,0,25.25,12.5,2,2,4,1.0,0,0,0.0,1,2,180.0,1063.0,0
376,0,45.83,10.5,2,11,4,5.0,1,1,7.0,1,2,0.0,1.0,1
377,1,16.33,2.75,2,6,4,0.665,0,1,1.0,0,2,80.0,22.0,0
378,0,20.33,10.0,2,8,8,1.0,1,1,4.0,0,2,50.0,1466.0,1
379,1,35.17,4.5,2,14,8,5.75,0,0,0.0,1,1,711.0,1.0,1
380,1,29.25,13.0,2,2,8,0.5,0,0,0.0,0,2,228.0,1.0,0
381,1,23.17,0.0,2,8,4,0.0,0,0,0.0,0,3,184.0,1.0,1
382,0,28.5,3.04,1,14,8,2.54,1,1,1.0,0,2,70.0,1.0,1
383,0,55.75,7.08,2,4,8,6.75,1,1,3.0,1,2,100.0,51.0,0
384,1,20.42,7.0,2,8,4,1.625,1,1,3.0,0,2,200.0,1392.0,1
385,0,29.58,1.75,1,4,4,1.25,0,0,0.0,1,2,280.0,1.0,0
386,1,41.33,0.0,2,8,5,15.0,1,0,0.0,0,2,0.0,1.0,1
387,1,21.0,3.0,1,2,4,1.085,1,1,8.0,1,2,160.0,2.0,1
388,1,42.75,4.085,2,6,4,0.04,0,0,0.0,0,2,108.0,101.0,0
389,0,20.83,0.5,1,10,2,1.0,0,0,0.0,0,2,260.0,1.0,0
390,1,34.83,4.0,2,2,5,12.5,1,0,0.0,1,2,184.0,1.0,0
391,0,40.33,8.125,1,4,4,0.165,0,1,2.0,0,2,184.0,19.0,0
392,0,18.83,9.5,2,9,4,1.625,1,1,6.0,1,2,40.0,601.0,1
393,1,21.17,0.0,2,8,4,0.5,0,0,0.0,1,1,0.0,1.0,0
394,1,34.42,1.335,2,3,5,0.125,0,0,0.0,1,2,440.0,4501.0,0
395,0,46.67,0.46,2,13,8,0.415,1,1,11.0,1,2,440.0,7.0,1
396,1,23.5,2.75,2,1,1,4.5,0,0,0.0,0,2,160.0,26.0,0
397,0,21.75,11.75,2,8,4,0.25,0,0,0.0,1,2,180.0,1.0,0
398,1,31.57,4.0,1,3,4,0.085,0,0,0.0,1,2,411.0,1.0,0
399,1,24.58,1.25,2,8,4,0.25,0,0,0.0,0,2,110.0,1.0,0
400,0,31.75,3.0,1,5,3,0.0,0,0,0.0,0,2,160.0,21.0,0
401,1,31.25,2.835,2,1,1,0.0,0,1,5.0,0,2,176.0,147.0,0
402,0,28.75,3.75,2,8,4,1.085,1,1,1.0,1,2,371.0,1.0,1
403,1,25.67,12.5,2,13,4,1.21,1,1,67.0,1,2,140.0,259.0,1
404,1,28.75,1.5,1,8,4,1.5,1,0,0.0,1,2,0.0,226.0,0
405,1,27.67,2.0,2,14,8,1.0,1,1,4.0,0,2,140.0,7545.0,1
406,0,19.17,8.585,2,13,8,0.75,1,1,7.0,0,2,96.0,1.0,1
407,1,39.17,1.71,2,14,4,0.125,1,1,5.0,1,2,480.0,1.0,1
408,1,20.17,9.25,2,8,4,1.665,1,1,3.0,1,2,40.0,29.0,1
409,1,18.17,10.25,2,8,8,1.085,0,0,0.0,0,2,320.0,14.0,0
410,1,27.67,0.75,2,11,8,0.165,0,0,0.0,1,2,220.0,252.0,0
411,1,32.67,9.0,1,9,8,5.25,1,0,0.0,1,2,154.0,1.0,1
412,0,26.08,8.665,2,6,4,1.415,1,0,0.0,0,2,160.0,151.0,1
413,1,17.08,0.25,2,11,4,0.335,0,1,4.0,0,2,160.0,9.0,0
414,0,25.08,2.54,1,6,4,0.25,1,0,0.0,1,2,370.0,1.0,1
415,1,23.17,11.125,2,14,8,0.46,1,1,1.0,0,2,100.0,1.0,1
416,0,16.33,0.21,2,6,4,0.125,0,0,0.0,0,2,200.0,2.0,0
417,1,51.83,2.04,1,1,1,1.5,0,0,0.0,0,2,120.0,2.0,0
418,0,17.92,10.21,2,1,1,0.0,0,0,0.0,0,2,0.0,51.0,0
419,1,25.58,0.335,2,4,8,3.5,0,0,0.0,1,2,340.0,1.0,0
420,0,65.17,14.0,2,1,1,0.0,1,1,11.0,1,2,0.0,1401.0,1
421,1,23.08,2.5,2,1,1,0.085,0,0,0.0,1,2,100.0,4209.0,0
422,1,39.5,1.625,2,8,4,1.5,0,0,0.0,0,2,0.0,317.0,0
423,1,44.25,11.0,1,2,4,1.5,1,0,0.0,0,1,0.0,1.0,0
424,1,16.0,3.125,2,9,4,0.085,0,1,1.0,0,2,0.0,7.0,0
425,1,40.58,3.29,2,7,4,3.5,0,0,0.0,1,1,400.0,1.0,0
426,0,30.0,5.29,2,10,2,2.25,1,1,5.0,1,2,99.0,501.0,1
427,1,62.5,12.75,1,8,8,5.0,1,0,0.0,0,2,112.0,1.0,0
428,1,28.0,2.0,2,4,8,4.165,1,1,2.0,1,2,181.0,1.0,1
429,0,26.17,2.0,2,5,3,0.0,0,0,0.0,1,2,276.0,2.0,0
430,1,35.75,2.415,2,9,4,0.125,0,1,2.0,0,2,220.0,2.0,0
431,1,16.5,0.125,2,8,4,0.165,0,0,0.0,0,2,132.0,1.0,0
432,1,27.75,0.585,1,13,4,0.25,1,1,2.0,0,2,260.0,501.0,1
433,1,28.25,0.875,2,7,4,0.96,1,1,3.0,1,2,396.0,1.0,1
434,1,25.33,0.58,2,8,4,0.29,1,1,7.0,1,2,96.0,5125.0,1
435,1,19.0,0.0,1,1,1,0.0,0,1,4.0,0,2,45.0,2.0,0
436,0,24.33,2.5,1,3,5,4.5,0,0,0.0,0,2,200.0,457.0,0
437,1,25.0,12.5,2,6,4,3.0,1,0,0.0,1,1,20.0,1.0,1
438,1,22.83,3.0,2,7,4,1.29,1,1,1.0,0,2,260.0,801.0,1
439,0,22.25,1.25,1,1,1,3.25,0,0,0.0,0,2,280.0,1.0,0
440,0,30.42,1.375,2,9,8,0.04,0,1,3.0,0,2,0.0,34.0,0
441,1,25.67,0.29,1,8,4,1.5,0,0,0.0,1,2,160.0,1.0,0
442,0,22.75,6.165,2,6,4,0.165,0,0,0.0,0,2,220.0,1001.0,0
443,0,33.08,4.625,2,11,8,1.625,1,1,2.0,0,2,0.0,1.0,1
444,1,33.17,1.04,2,12,8,6.5,1,0,0.0,1,2,164.0,31286.0,1
445,0,47.42,3.0,2,14,4,13.875,1,1,2.0,1,2,519.0,1705.0,1
446,0,15.75,0.375,2,8,4,1.0,0,0,0.0,0,2,120.0,19.0,0
447,1,21.67,1.165,1,4,4,2.5,1,1,1.0,0,2,180.0,21.0,0
448,1,44.33,0.5,2,3,8,5.0,1,0,0.0,1,2,320.0,1.0,1
449,1,27.75,1.29,2,4,8,0.25,0,0,0.0,1,1,140.0,1.0,0
450,1,23.08,11.5,2,9,8,2.125,1,1,11.0,1,2,290.0,285.0,1
451,0,40.83,10.0,2,11,8,1.75,1,0,0.0,0,2,29.0,838.0,1
452,1,34.08,2.5,2,8,4,1.0,0,0,0.0,0,2,460.0,17.0,0
453,0,40.33,7.54,1,11,8,8.0,1,1,14.0,0,2,0.0,2301.0,1
454,1,27.67,13.75,2,9,4,5.75,1,0,0.0,1,2,487.0,501.0,1
455,1,43.25,25.21,2,11,8,0.21,1,1,1.0,0,2,760.0,91.0,0
456,0,41.58,1.04,2,6,4,0.665,0,0,0.0,0,2,240.0,238.0,0
457,0,24.5,0.5,2,11,8,1.5,1,0,0.0,0,2,280.0,825.0,1
458,1,26.75,4.5,1,8,5,2.5,0,0,0.0,0,2,200.0,1211.0,0
459,1,36.42,0.75,1,2,4,0.585,0,0,0.0,0,2,240.0,4.0,0
460,1,22.0,7.835,1,3,5,0.165,0,0,0.0,1,2,184.0,1.0,0
461,1,24.58,13.5,1,1,1,0.0,0,0,0.0,0,2,184.0,1.0,0
462,1,21.08,10.085,1,10,8,1.25,0,0,0.0,0,2,260.0,1.0,0
463,0,35.17,3.75,2,1,1,0.0,0,1,6.0,0,2,0.0,201.0,0
464,1,64.08,20.0,2,14,8,17.5,1,1,9.0,1,2,0.0,1001.0,1
465,0,31.57,11.25,2,1,1,0.0,0,0,0.0,0,2,184.0,5201.0,0
466,1,30.83,0.0,2,9,4,1.25,1,1,1.0,0,2,202.0,1.0,1
467,1,39.58,5.0,2,1,1,0.0,0,1,2.0,0,2,17.0,2.0,0
468,1,27.83,1.0,1,2,8,3.0,0,0,0.0,0,2,176.0,538.0,0
469,0,30.5,6.5,2,8,5,4.0,1,1,7.0,1,2,0.0,3066.0,1
470,0,17.67,0.0,1,5,1,0.0,0,0,0.0,0,2,86.0,1.0,0
471,1,35.0,3.375,2,8,8,8.29,0,0,0.0,1,2,0.0,1.0,0
472,1,19.0,1.75,1,8,4,2.335,0,0,0.0,1,2,112.0,7.0,0
473,1,31.57,3.0,1,3,5,7.0,0,0,0.0,0,2,0.0,2.0,0
474,1,22.25,0.46,2,4,4,0.125,0,0,0.0,1,2,280.0,56.0,0
475,0,41.33,1.0,2,3,5,2.25,1,0,0.0,1,2,0.0,301.0,1
476,1,33.58,0.25,2,3,5,4.0,0,0,0.0,1,1,420.0,1.0,0
477,0,23.58,0.83,2,11,4,0.415,0,1,1.0,1,2,200.0,12.0,0
478,1,23.42,1.0,2,8,4,0.5,0,0,0.0,1,1,280.0,1.0,0
479,0,19.5,0.165,2,11,4,0.04,0,0,0.0,1,2,380.0,1.0,0
480,0,27.33,1.665,2,1,1,0.0,0,0,0.0,0,2,340.0,2.0,0
481,1,29.42,1.25,2,8,8,0.25,0,1,2.0,1,2,400.0,109.0,0
482,1,27.25,1.665,2,13,8,5.085,1,1,9.0,0,2,399.0,828.0,1
483,1,44.83,7.0,1,8,4,1.625,0,0,0.0,0,2,160.0,3.0,0
484,1,29.58,4.75,2,7,4,2.0,0,1,1.0,1,2,460.0,69.0,0
485,0,38.58,5.0,2,13,4,13.5,1,0,0.0,1,2,980.0,1.0,0
486,1,22.17,2.25,2,3,4,0.125,0,0,0.0,0,2,160.0,11.0,0
487,0,36.75,4.71,2,1,1,0.0,0,0,0.0,0,2,160.0,1.0,0
488,1,19.17,9.5,2,9,4,1.5,1,0,0.0,0,2,120.0,2207.0,1
489,0,58.42,21.0,2,3,5,10.0,1,1,13.0,0,2,0.0,6701.0,1
490,0,31.92,3.125,2,1,1,3.04,0,1,2.0,1,2,200.0,5.0,0
491,1,20.67,0.835,1,8,4,2.0,0,0,0.0,1,1,240.0,1.0,0
492,1,22.08,11.0,2,13,4,0.665,1,0,0.0,0,2,100.0,1.0,1
493,0,45.0,4.585,2,4,8,1.0,0,0,0.0,1,1,240.0,1.0,0
494,1,54.83,15.5,2,10,9,0.0,1,1,20.0,0,2,152.0,131.0,0
495,1,57.83,7.04,2,7,4,14.0,1,1,6.0,1,2,360.0,1333.0,1
496,1,34.92,2.5,2,9,4,0.0,1,0,0.0,1,2,239.0,201.0,1
497,1,20.0,1.25,1,4,4,0.125,0,0,0.0,0,2,140.0,5.0,0
498,0,22.67,7.0,2,8,4,0.165,0,0,0.0,0,2,160.0,1.0,0
499,0,53.33,0.165,2,1,1,0.0,0,0,0.0,1,1,62.0,28.0,0
500,1,25.42,0.54,2,9,4,0.165,0,1,1.0,0,2,272.0,445.0,0
501,1,34.17,2.75,2,3,5,2.5,0,0,0.0,1,2,232.0,201.0,0
502,0,18.83,9.54,2,6,4,0.085,1,0,0.0,0,2,100.0,1.0,1
503,1,36.17,18.125,2,9,4,0.085,0,0,0.0,0,2,320.0,3553.0,0
504,1,23.92,0.665,2,8,4,0.165,0,0,0.0,0,2,100.0,1.0,1
505,1,21.17,0.25,1,8,8,0.25,0,0,0.0,0,2,280.0,205.0,0
506,0,23.42,0.79,1,11,4,1.5,1,1,2.0,1,2,80.0,401.0,1
507,1,39.17,2.5,1,3,8,10.0,0,0,0.0,1,1,200.0,1.0,0
508,0,22.92,1.25,2,11,4,0.25,0,0,0.0,1,2,120.0,810.0,0
509,1,17.5,22.0,3,1,7,0.0,0,0,0.0,1,3,450.0,100001.0,1
510,0,24.5,2.415,1,8,4,0.0,0,0,0.0,0,2,120.0,1.0,0
511,1,56.75,12.25,2,7,4,1.25,1,1,4.0,1,2,200.0,1.0,1
512,0,16.0,0.165,2,6,4,1.0,0,1,2.0,1,2,320.0,2.0,0
513,1,48.58,0.205,1,4,4,0.25,1,1,11.0,0,2,380.0,2733.0,1
514,1,21.5,11.5,2,3,4,0.5,1,0,0.0,1,2,100.0,69.0,0
515,0,19.67,0.21,2,11,8,0.29,1,1,11.0,0,2,80.0,100.0,1
516,1,23.0,0.75,2,7,4,0.5,1,0,0.0,1,1,320.0,1.0,0
517,1,38.25,10.125,1,4,4,0.125,0,0,0.0,0,2,160.0,1.0,0
518,1,20.08,0.25,2,11,4,0.125,0,0,0.0,0,2,200.0,1.0,0
519,1,37.5,1.75,1,8,5,0.25,1,0,0.0,1,2,164.0,401.0,0
520,1,50.75,0.585,2,1,1,0.0,0,0,0.0,0,2,145.0,1.0,0
521,1,47.83,4.165,2,14,5,0.085,0,0,0.0,1,2,520.0,1.0,0
522,1,23.58,0.46,1,9,4,2.625,1,1,6.0,1,2,208.0,348.0,0
523,1,36.25,5.0,2,8,5,2.5,1,1,6.0,0,2,0.0,368.0,1
524,1,32.08,4.0,1,13,4,1.5,0,0,0.0,1,2,120.0,1.0,0
525,1,21.92,0.54,1,14,4,0.04,1,1,1.0,1,2,840.0,60.0,1
526,1,48.17,3.5,2,6,4,3.5,1,0,0.0,0,1,230.0,1.0,1
527,1,40.92,2.25,1,14,8,10.0,1,0,0.0,1,2,176.0,1.0,0
528,0,25.33,2.085,2,8,8,2.75,1,0,0.0,1,2,360.0,2.0,0
529,1,29.5,0.58,2,9,4,0.29,0,1,1.0,0,2,340.0,2804.0,0
530,1,25.92,0.875,2,4,4,0.375,0,1,2.0,1,2,174.0,4.0,0
531,1,24.08,9.0,2,6,4,0.25,0,0,0.0,1,2,0.0,1.0,0
532,0,24.83,4.5,2,9,4,1.0,0,0,0.0,1,2,360.0,7.0,0
533,1,18.08,6.75,1,7,4,0.04,0,0,0.0,0,2,140.0,1.0,0
534,1,28.67,14.5,2,2,4,0.125,0,0,0.0,0,2,0.0,287.0,0
535,0,27.67,2.04,2,9,4,0.25,0,0,0.0,1,2,180.0,51.0,0
536,1,23.0,0.75,2,7,4,0.5,0,0,0.0,1,1,320.0,1.0,0
537,1,27.83,1.5,2,9,4,2.25,0,1,1.0,1,2,100.0,4.0,0
538,1,40.0,6.5,2,6,5,3.5,1,1,1.0,0,2,0.0,501.0,1
539,1,23.08,11.5,2,3,4,3.5,1,1,9.0,0,2,56.0,743.0,1
540,1,31.33,19.5,2,8,4,7.0,1,1,16.0,0,2,0.0,5001.0,1
541,1,39.92,5.0,2,3,5,0.21,0,0,0.0,0,2,550.0,1.0,0
542,0,27.58,3.0,2,7,4,2.79,0,1,1.0,1,2,280.0,11.0,0
543,1,42.83,1.25,2,7,4,13.875,0,1,1.0,1,2,352.0,113.0,0
544,1,21.58,0.79,1,13,4,0.665,0,0,0.0,0,2,160.0,1.0,0
545,1,33.17,3.165,1,14,4,3.165,1,1,3.0,1,2,380.0,1.0,1
546,0,33.25,2.5,1,8,4,2.5,0,0,0.0,1,2,0.0,3.0,0
547,1,17.67,4.46,2,8,4,0.25,0,0,0.0,0,1,80.0,1.0,0
548,0,20.75,10.25,2,11,4,0.71,1,1,2.0,1,2,49.0,1.0,1
549,1,29.42,1.25,2,9,4,1.75,0,0,0.0,0,2,200.0,1.0,0
550,1,34.08,0.08,1,7,5,0.04,1,1,1.0,1,2,280.0,2001.0,1
551,0,51.92,6.5,2,3,5,3.085,0,0,0.0,1,2,73.0,1.0,0
552,0,48.17,1.335,2,3,7,0.335,0,0,0.0,0,2,0.0,121.0,0
553,1,22.08,11.46,2,4,4,1.585,0,0,0.0,1,2,100.0,1213.0,0
554,0,47.75,8.0,2,8,4,7.875,1,1,6.0,1,2,0.0,1261.0,1
555,1,34.0,5.5,1,8,4,1.5,0,0,0.0,1,2,60.0,1.0,0
556,0,28.58,1.665,2,11,4,2.415,1,0,0.0,1,2,440.0,1.0,0
557,1,24.42,2.0,2,10,2,0.165,0,1,2.0,0,2,320.0,1301.0,0
558,1,52.5,6.5,2,4,4,6.29,1,1,15.0,0,2,0.0,11203.0,1
559,1,25.67,2.21,1,6,4,4.0,1,0,0.0,0,2,188.0,1.0,0
560,0,17.83,11.0,2,14,8,1.0,1,1,11.0,0,2,0.0,3001.0,1
561,1,20.0,0.0,2,2,4,0.5,0,0,0.0,0,2,144.0,1.0,0
562,0,22.42,11.25,1,14,8,0.75,1,1,4.0,0,2,0.0,322.0,1
563,0,28.17,0.375,2,11,4,0.585,1,1,4.0,0,2,80.0,1.0,1
564,0,22.67,0.335,2,11,4,0.75,0,0,0.0,0,1,160.0,1.0,0
565,0,24.5,12.75,2,8,5,4.75,1,1,2.0,0,2,73.0,445.0,1
566,1,48.75,26.335,1,1,1,0.0,1,0,0.0,1,2,0.0,1.0,0
567,1,48.08,3.75,2,3,5,1.0,0,0,0.0,0,2,100.0,3.0,0
568,0,20.67,3.0,2,11,4,0.165,1,1,3.0,0,2,100.0,7.0,1
569,1,27.83,4.0,1,3,8,5.75,1,1,2.0,1,2,75.0,1.0,0
570,1,53.92,9.625,2,10,4,8.665,1,1,5.0,0,2,0.0,1.0,1
571,1,37.75,7.0,2,11,8,11.5,1,1,7.0,1,2,300.0,6.0,0
572,0,23.58,0.585,1,1,1,0.125,0,0,0.0,0,2,120.0,88.0,0
573,1,16.25,0.0,1,6,4,0.25,0,0,0.0,0,2,60.0,1.0,0
574,1,16.25,0.835,2,7,4,0.085,1,0,0.0,0,1,200.0,1.0,0
575,1,23.75,12.0,2,8,4,2.085,0,0,0.0,0,1,80.0,1.0,0
576,1,80.25,5.5,2,8,4,0.54,1,0,0.0,0,2,0.0,341.0,0
577,0,21.5,6.0,2,6,4,2.5,1,1,3.0,0,2,80.0,919.0,1
578,1,48.08,6.04,2,4,4,0.04,0,0,0.0,0,2,0.0,2691.0,1
579,0,56.83,4.25,1,1,1,5.0,0,0,0.0,1,2,0.0,5.0,0
580,1,42.08,1.04,2,9,4,5.0,1,1,6.0,1,2,500.0,10001.0,1
581,0,23.75,0.71,2,9,4,0.25,0,1,1.0,1,2,240.0,5.0,0
582,0,33.92,1.585,1,1,1,0.0,1,0,0.0,0,2,320.0,1.0,0
583,1,34.5,4.04,1,3,5,8.5,1,1,7.0,1,2,195.0,1.0,1
584,1,36.17,5.5,2,3,5,5.0,0,0,0.0,0,2,210.0,688.0,0
585,1,47.67,0.29,2,8,5,15.0,1,1,20.0,0,2,0.0,15001.0,1
586,0,18.92,9.25,1,8,4,1.0,1,1,4.0,1,2,80.0,501.0,1
587,0,23.5,9.0,2,11,4,8.5,1,1,5.0,1,2,120.0,1.0,1
588,1,38.42,0.705,2,8,4,0.375,0,1,2.0,0,2,225.0,501.0,0
589,1,51.58,15.0,2,8,4,8.5,1,1,9.0,0,2,0.0,1.0,1
590,1,19.42,1.5,1,13,4,2.0,1,0,0.0,1,2,100.0,21.0,0
591,1,38.67,0.21,2,4,4,0.085,1,0,0.0,1,2,280.0,1.0,1
592,1,19.17,0.0,1,7,5,0.0,0,0,0.0,1,1,500.0,2.0,1
593,0,20.42,10.5,1,14,8,0.0,0,0,0.0,1,2,154.0,33.0,0
594,0,32.0,6.0,2,2,4,1.25,0,0,0.0,0,2,272.0,1.0,0
595,0,50.25,0.835,2,6,4,0.5,0,0,0.0,1,2,240.0,118.0,0
596,0,42.25,1.75,1,8,4,0.0,0,0,0.0,1,2,150.0,2.0,0
597,0,17.58,9.0,2,6,4,1.375,1,0,0.0,1,2,0.0,1.0,1
598,1,18.58,5.71,2,2,4,0.54,0,0,0.0,0,2,120.0,1.0,0
599,1,22.67,2.54,1,8,8,2.585,1,0,0.0,0,2,0.0,1.0,1
600,1,31.83,2.5,2,6,4,7.5,1,0,0.0,1,2,523.0,1.0,0
601,0,23.0,1.835,2,5,3,0.0,0,1,1.0,0,2,200.0,54.0,0
602,1,23.33,11.625,1,9,4,0.835,1,0,0.0,1,2,160.0,301.0,1
603,1,30.17,6.5,2,13,4,3.125,1,1,8.0,0,2,330.0,1201.0,1
604,1,19.33,9.5,2,11,4,1.0,1,0,0.0,1,2,60.0,401.0,1
605,1,36.5,4.25,2,11,4,3.5,0,0,0.0,0,2,454.0,51.0,0
606,1,39.33,5.875,2,13,8,10.0,1,1,14.0,1,2,399.0,1.0,1
607,1,25.17,3.5,2,13,4,0.625,1,1,7.0,0,2,0.0,7060.0,1
608,1,57.42,8.5,2,10,8,7.0,1,1,3.0,0,2,0.0,1.0,1
609,1,43.08,0.375,1,8,4,0.375,1,1,8.0,1,2,300.0,163.0,1
610,0,33.75,0.75,2,4,5,1.0,1,1,3.0,1,2,212.0,1.0,0
611,1,34.0,5.085,1,3,5,1.085,0,0,0.0,1,2,480.0,1.0,0
612,1,31.57,0.5,2,8,5,0.835,1,0,0.0,1,1,320.0,1.0,0
613,0,33.17,2.25,1,13,4,3.5,0,0,0.0,1,2,200.0,142.0,0
614,1,30.75,1.585,2,2,4,0.585,0,0,0.0,1,1,0.0,1.0,0
615,1,20.25,9.96,2,10,2,0.0,1,0,0.0,0,2,0.0,1.0,1
616,0,20.5,11.835,2,8,8,6.0,1,0,0.0,0,2,340.0,1.0,1
617,1,33.58,0.335,1,13,4,0.085,0,0,0.0,0,2,180.0,1.0,0
618,1,16.08,0.75,2,8,4,1.75,1,1,5.0,1,2,352.0,691.0,1
619,1,47.67,2.5,2,7,5,2.5,1,1,12.0,1,2,410.0,2511.0,1
620,1,42.0,9.79,2,14,8,7.96,1,1,8.0,0,2,0.0,1.0,1
621,0,37.33,2.5,2,3,8,0.21,0,0,0.0,0,2,260.0,247.0,0
622,1,33.58,2.75,2,7,4,4.25,1,1,6.0,0,2,204.0,1.0,1
623,1,36.67,4.415,1,4,4,0.25,1,1,10.0,1,2,320.0,1.0,1
624,1,21.83,1.54,2,4,4,0.085,0,0,0.0,1,2,356.0,1.0,0
625,1,28.0,3.0,2,9,4,0.75,0,0,0.0,1,2,300.0,68.0,0
626,1,20.5,2.415,2,8,4,2.0,1,1,11.0,1,2,200.0,3001.0,1
627,1,25.83,12.835,2,13,4,0.5,0,0,0.0,0,2,0.0,3.0,0
628,1,27.25,1.585,2,13,8,1.835,1,1,12.0,1,2,583.0,714.0,1
629,0,20.42,7.5,2,4,4,1.5,1,1,1.0,0,2,160.0,235.0,1
630,0,57.08,0.335,2,3,5,1.0,1,0,0.0,1,2,252.0,2198.0,0
631,1,19.5,0.29,2,4,4,0.29,0,0,0.0,0,2,280.0,365.0,0
632,1,22.67,10.5,2,11,8,1.335,1,0,0.0,0,2,100.0,1.0,1
633,1,32.0,1.75,1,10,8,0.04,1,0,0.0,1,2,393.0,1.0,1
634,0,21.67,11.5,1,5,3,0.0,1,1,11.0,1,2,0.0,1.0,1
635,0,22.5,8.5,2,11,4,1.75,1,1,10.0,0,2,80.0,991.0,0
636,1,18.83,0.415,1,8,4,0.165,0,1,1.0,0,2,200.0,2.0,0
637,1,34.08,6.5,2,6,4,0.125,1,0,0.0,1,2,443.0,1.0,0
638,1,39.83,0.5,2,7,4,0.25,1,0,0.0,0,1,288.0,1.0,0
639,1,32.33,3.5,2,4,4,0.5,0,0,0.0,1,2,232.0,1.0,0
640,1,34.25,3.0,2,13,8,7.415,1,0,0.0,1,2,0.0,1.0,1
641,1,20.42,0.0,2,8,4,0.0,0,0,0.0,0,3,184.0,1.0,0
642,1,33.5,1.75,2,14,8,4.5,1,1,4.0,1,2,253.0,858.0,1
643,1,74.83,19.0,1,1,1,0.04,0,1,2.0,0,2,0.0,352.0,0
644,0,38.33,4.415,2,8,4,0.125,0,0,0.0,0,2,160.0,1.0,0
645,1,17.92,0.205,2,6,4,0.04,0,0,0.0,0,2,280.0,751.0,0
646,1,40.92,0.5,1,7,4,0.5,0,0,0.0,1,2,130.0,1.0,0
647,0,46.08,3.0,2,8,4,2.375,1,1,8.0,1,2,396.0,4160.0,1
648,0,69.5,6.0,2,1,1,0.0,0,0,0.0,0,1,0.0,1.0,0
649,1,31.57,5.0,1,6,4,8.5,1,0,0.0,0,2,0.0,1.0,0
650,1,39.58,13.915,2,9,4,8.625,1,1,6.0,1,2,70.0,1.0,1
651,0,24.75,12.5,2,6,4,1.5,1,1,12.0,1,2,120.0,568.0,1
652,1,22.0,0.79,2,9,4,0.29,0,1,1.0,0,2,420.0,284.0,0
653,0,38.75,1.5,2,1,1,0.0,0,0,0.0,0,2,76.0,1.0,0
654,0,33.25,3.0,1,6,4,2.0,0,0,0.0,0,2,180.0,1.0,0
655,1,22.67,0.165,2,8,3,2.25,0,0,0.0,1,1,0.0,1.0,1
656,1,44.25,0.5,2,7,4,10.75,1,0,0.0,0,1,400.0,1.0,0
657,0,20.83,3.0,2,6,4,0.04,1,0,0.0,0,2,100.0,1.0,1
658,1,42.17,5.04,2,11,8,12.75,1,0,0.0,1,2,92.0,1.0,1
659,1,48.33,12.0,2,7,4,16.0,1,0,0.0,0,1,110.0,1.0,1
660,1,27.0,1.5,1,9,4,0.375,1,0,0.0,1,2,260.0,1066.0,1
661,1,26.17,0.25,2,3,5,0.0,1,0,0.0,1,2,0.0,1.0,1
662,1,22.58,1.5,1,6,4,0.54,0,0,0.0,1,2,120.0,68.0,0
663,1,16.33,4.085,2,3,8,0.415,0,0,0.0,1,2,120.0,1.0,0
664,0,19.58,0.665,1,8,4,1.0,0,1,1.0,0,2,2000.0,3.0,0
665,0,41.0,2.04,1,11,8,0.125,1,1,23.0,1,2,455.0,1237.0,1
666,0,23.0,11.75,2,14,8,0.5,1,1,2.0,1,2,300.0,552.0,1
667,1,40.58,5.0,2,8,4,5.0,1,1,7.0,0,2,0.0,3066.0,1
668,1,36.67,3.25,2,11,8,9.0,1,0,0.0,1,2,102.0,640.0,1
669,1,31.57,0.04,1,2,4,4.25,0,0,0.0,1,2,460.0,1.0,0
670,0,18.42,9.25,2,11,4,1.21,1,1,4.0,0,2,60.0,541.0,1
671,1,16.92,0.335,1,4,4,0.29,0,0,0.0,0,1,200.0,1.0,0
672,1,30.33,0.5,2,2,8,0.085,0,0,0.0,1,1,252.0,1.0,0
673,1,23.75,0.415,1,8,4,0.04,0,1,2.0,0,2,128.0,7.0,0
674,0,47.42,8.0,2,10,5,6.5,1,1,6.0,0,2,375.0,51101.0,1
675,1,23.17,0.0,2,13,4,0.085,1,0,0.0,0,2,0.0,1.0,1
676,0,26.5,2.71,1,8,4,0.085,0,0,0.0,0,1,80.0,1.0,0
677,0,15.83,7.625,2,11,4,0.125,0,1,1.0,1,2,0.0,161.0,0
678,0,57.08,19.5,2,8,4,5.5,1,1,7.0,0,2,0.0,3001.0,1
679,0,18.83,4.415,1,8,8,3.0,1,0,0.0,0,2,240.0,1.0,1
680,1,51.33,10.0,2,3,5,0.0,1,1,11.0,0,2,0.0,1250.0,1
681,0,36.0,1.0,2,8,4,2.0,1,1,11.0,0,2,0.0,457.0,1
682,1,19.42,7.25,2,7,4,0.04,0,1,1.0,0,2,100.0,2.0,0
683,1,35.58,0.75,2,4,4,1.5,0,0,0.0,1,2,231.0,1.0,0
684,0,24.75,3.0,2,11,8,1.835,1,1,19.0,0,2,0.0,501.0,1
685,0,58.33,10.0,2,11,4,4.0,1,1,14.0,0,2,0.0,1603.0,1
686,1,26.67,4.25,2,13,4,4.29,1,1,1.0,1,2,120.0,1.0,1
687,1,29.67,0.75,1,8,4,0.04,0,0,0.0,0,2,240.0,1.0,0
688,1,26.0,1.0,2,11,4,1.75,1,0,0.0,1,2,280.0,1.0,1
689,0,28.17,0.585,2,6,4,0.04,0,0,0.0,0,2,260.0,1005.0,0
