,Age,Sex_boolean,Chest pain type_categorical,Trestbps,Cholesterol,Fasting blood sugar &lt_boolean; 120,Resting ecg_categorical,Max heart rate,Exercise induced angina_boolean,Oldpeak,Slope_categorical,Number of vessels colored_categorical,Thal_categorical,target
0,68.0,1,3,118.0,277.0,0,2,151.0,0,1.0,2,1,3,0
1,76.0,0,3,140.0,197.0,0,0,116.0,0,1.1,1,0,2,0
2,45.0,0,0,130.0,234.0,0,1,175.0,0,0.6,1,0,2,0
3,41.0,0,3,112.0,268.0,0,1,172.0,1,0.0,2,0,2,0
4,35.0,0,2,138.0,183.0,0,2,182.0,0,1.4,2,0,2,0
5,62.0,0,2,124.0,209.0,0,2,163.0,0,0.0,2,0,2,0
6,64.0,0,2,130.0,303.0,0,2,122.0,0,2.0,1,2,2,0
7,54.0,0,3,135.0,304.0,1,2,170.0,0,0.0,2,0,2,0
8,47.0,1,3,138.0,257.0,0,1,156.0,0,0.0,2,0,2,0
9,51.0,1,3,100.0,222.0,0,2,143.0,1,1.2,1,0,2,0
10,45.0,0,2,138.0,236.0,0,1,152.0,1,0.2,1,0,2,0
11,41.0,0,0,126.0,306.0,0,2,163.0,0,0.0,2,0,2,0
12,53.0,1,2,142.0,226.0,0,1,111.0,1,0.0,2,0,3,0
13,54.0,0,3,108.0,267.0,0,1,167.0,0,0.0,2,0,2,0
14,55.0,1,0,130.0,262.0,0,2,155.0,0,0.0,2,0,2,0
15,52.0,1,2,108.0,233.0,1,2,147.0,0,0.1,2,3,3,0
16,68.0,0,3,120.0,211.0,0,1,115.0,0,1.5,1,0,2,0
17,44.0,1,2,112.0,290.0,0,1,153.0,0,0.0,2,1,2,1
18,56.0,1,3,130.0,256.0,1,1,142.0,1,0.6,1,1,1,1
19,51.0,1,2,140.0,298.0,0,2,122.0,1,4.2,1,3,3,1
20,54.0,1,2,122.0,286.0,0,1,116.0,1,3.2,1,2,2,1
21,63.0,0,2,108.0,269.0,0,2,169.0,1,1.8,1,2,2,1
22,54.0,1,2,110.0,239.0,0,2,126.0,1,2.8,1,1,3,1
23,67.0,1,2,125.0,254.0,1,2,163.0,0,0.2,1,2,3,1
24,58.0,1,2,114.0,318.0,0,0,140.0,0,4.4,0,3,1,1
25,43.0,1,2,132.0,247.0,1,1,143.0,1,0.1,1,4,3,1
26,67.0,1,2,120.0,237.0,0,2,71.0,0,1.0,1,0,2,1
27,49.0,1,3,120.0,188.0,0,2,139.0,0,2.0,1,3,3,1
28,64.0,1,2,145.0,212.0,0,1,132.0,0,2.0,1,2,1,1
29,59.0,1,1,170.0,288.0,0,1,159.0,0,0.2,1,0,3,1
30,65.0,1,2,135.0,254.0,0,1,127.0,0,2.8,1,1,3,1
31,58.0,0,3,120.0,340.0,0,2,172.0,0,0.0,2,0,2,0
32,35.0,1,0,122.0,192.0,0,2,174.0,0,0.0,2,0,2,0
33,52.0,0,3,136.0,196.0,0,1,169.0,0,0.1,1,0,2,0
34,56.0,0,0,140.0,294.0,0,1,153.0,0,1.3,1,0,2,0
35,41.0,0,0,105.0,198.0,0,2,168.0,0,0.0,2,1,2,0
36,40.0,1,1,140.0,199.0,0,2,178.0,1,1.4,2,0,3,0
37,71.0,0,0,160.0,302.0,0,2,162.0,0,0.4,2,2,2,0
38,52.0,1,1,152.0,298.0,1,2,178.0,0,1.2,1,0,3,0
39,56.0,1,0,120.0,240.0,0,2,169.0,0,0.0,0,0,2,0
40,54.0,0,0,132.0,288.0,1,1,159.0,1,0.0,2,1,2,0
41,41.0,1,3,112.0,250.0,0,2,179.0,0,0.0,2,0,2,0
42,50.0,0,0,120.0,244.0,0,2,162.0,0,1.1,2,0,2,0
43,41.0,0,0,130.0,204.0,0,1,172.0,0,1.4,2,0,2,0
44,56.0,1,1,120.0,193.0,0,1,162.0,0,1.9,1,0,3,0
45,62.0,0,2,140.0,394.0,0,1,157.0,0,1.2,1,0,2,0
46,57.0,0,2,128.0,303.0,0,1,159.0,0,0.0,2,1,2,0
47,42.0,1,3,130.0,180.0,0,2,150.0,0,0.0,2,0,2,0
48,60.0,1,2,140.0,293.0,0,1,170.0,0,1.2,1,2,3,1
49,58.0,1,2,128.0,259.0,0,1,130.0,1,3.0,1,2,3,1
50,47.0,1,2,110.0,275.0,0,1,118.0,1,1.0,1,1,2,1
51,62.0,0,3,130.0,263.0,0,2,97.0,0,1.2,1,1,3,1
52,52.0,1,2,128.0,255.0,0,2,161.0,1,0.0,2,1,3,1
53,55.0,1,2,140.0,217.0,0,2,111.0,1,5.6,0,0,3,1
54,77.0,1,2,125.0,304.0,0,1,162.0,1,0.0,2,3,2,1
55,64.0,1,3,140.0,335.0,0,2,158.0,0,0.0,2,0,2,1
56,51.0,0,2,130.0,305.0,0,2,142.0,1,1.2,1,0,3,1
57,59.0,1,3,126.0,218.0,1,2,134.0,0,2.2,1,1,1,1
58,47.0,1,3,108.0,243.0,0,2,152.0,0,0.0,2,0,2,1
59,62.0,1,0,120.0,281.0,0,1,103.0,0,1.4,1,1,3,1
60,46.0,1,2,120.0,249.0,0,1,144.0,0,0.8,2,0,3,1
61,38.0,1,1,120.0,231.0,0,2,182.0,1,3.8,1,0,3,1
62,47.0,1,2,112.0,204.0,0,2,143.0,0,0.1,2,0,2,0
63,43.0,1,3,130.0,315.0,0,2,162.0,0,1.9,2,1,2,0
64,51.0,1,3,94.0,227.0,0,2,154.0,1,0.0,2,1,3,0
65,66.0,0,3,146.0,278.0,0,1,152.0,0,0.0,1,1,2,0
66,66.0,1,2,120.0,302.0,0,1,151.0,0,0.4,1,0,2,0
67,54.0,1,0,108.0,309.0,0,2,156.0,0,0.0,2,0,3,0
68,41.0,1,0,120.0,157.0,0,2,182.0,0,0.0,2,0,2,0
69,55.0,0,0,132.0,342.0,0,2,166.0,0,1.2,2,0,2,0
70,38.0,1,3,138.0,175.0,0,2,173.0,0,0.0,2,4,2,0
71,64.0,0,2,180.0,325.0,0,2,154.0,1,0.0,2,0,2,0
72,67.0,0,3,152.0,277.0,0,2,172.0,0,0.0,2,1,2,0
73,46.0,1,0,101.0,197.0,1,2,156.0,0,0.0,2,0,3,0
74,43.0,0,3,122.0,213.0,0,2,165.0,0,0.2,1,0,2,0
75,55.0,0,0,135.0,250.0,0,1,161.0,0,1.4,1,0,2,0
76,48.0,1,2,122.0,222.0,0,1,186.0,0,0.0,2,0,2,0
77,54.0,1,3,150.0,232.0,0,1,165.0,0,1.6,2,0,3,0
78,65.0,0,3,155.0,269.0,0,2,148.0,0,0.8,2,0,2,0
79,57.0,1,0,154.0,232.0,0,1,164.0,0,0.0,2,1,2,1
80,70.0,1,2,130.0,322.0,0,1,109.0,0,2.4,1,3,2,1
81,54.0,1,2,120.0,188.0,0,2,113.0,0,1.4,1,1,3,1
82,60.0,1,2,145.0,282.0,0,1,142.0,1,2.8,1,2,3,1
83,58.0,1,2,125.0,300.0,0,1,171.0,0,0.0,2,2,3,1
84,45.0,1,1,110.0,264.0,0,2,132.0,0,1.2,1,0,3,1
85,61.0,1,2,148.0,203.0,0,2,161.0,0,0.0,2,1,3,1
86,58.0,0,2,170.0,225.0,1,1,146.0,1,2.8,1,2,1,1
87,67.0,1,2,100.0,299.0,0,1,125.0,1,0.9,1,2,2,1
88,56.0,1,2,130.0,283.0,1,1,103.0,1,1.6,0,0,3,1
89,61.0,1,2,138.0,166.0,0,1,125.0,1,3.6,1,1,2,1
90,57.0,1,3,128.0,229.0,0,1,150.0,0,0.4,1,1,3,1
91,48.0,1,2,124.0,274.0,0,1,166.0,0,0.5,1,0,3,1
92,57.0,0,0,130.0,236.0,0,1,174.0,0,0.0,1,1,2,1
93,44.0,1,0,120.0,263.0,0,2,173.0,0,0.0,2,0,3,0
94,42.0,1,1,148.0,244.0,0,1,178.0,0,0.8,2,2,2,0
95,53.0,0,2,130.0,264.0,0,1,143.0,0,0.4,1,0,2,0
96,41.0,1,0,110.0,235.0,0,2,153.0,0,0.0,2,0,2,0
97,48.0,1,0,130.0,245.0,0,1,180.0,0,0.2,1,0,2,0
98,52.0,1,3,172.0,199.0,1,2,162.0,0,0.5,2,0,3,0
99,60.0,0,3,102.0,318.0,0,2,160.0,0,0.0,2,1,2,0
100,43.0,1,2,110.0,211.0,0,2,161.0,0,0.0,2,0,3,0
101,52.0,1,3,138.0,223.0,0,2,169.0,0,0.0,2,4,2,0
102,61.0,1,3,150.0,243.0,1,2,137.0,1,1.0,1,0,2,0
103,57.0,1,2,140.0,192.0,0,2,148.0,0,0.4,1,0,1,0
104,34.0,0,0,118.0,210.0,0,2,192.0,0,0.7,2,0,2,0
105,71.0,0,2,112.0,149.0,0,2,125.0,0,1.6,1,0,2,0
106,52.0,1,0,134.0,201.0,0,2,158.0,0,0.8,2,1,2,0
107,37.0,1,3,130.0,250.0,0,2,187.0,0,3.5,0,0,2,0
108,64.0,0,3,140.0,313.0,0,2,133.0,0,0.2,2,0,3,0
109,51.0,1,3,110.0,175.0,0,2,123.0,0,0.6,2,0,2,0
110,39.0,1,2,118.0,219.0,0,2,140.0,0,1.2,1,0,3,1
111,66.0,0,2,178.0,228.0,1,2,165.0,1,1.0,1,2,3,1
112,55.0,0,2,180.0,327.0,0,0,117.0,1,3.4,1,0,2,1
113,58.0,1,2,128.0,216.0,0,1,131.0,1,2.2,1,3,3,1
114,57.0,1,2,152.0,274.0,0,2,88.0,1,1.2,1,1,3,1
115,46.0,1,3,150.0,231.0,0,2,147.0,0,3.6,1,0,2,1
116,61.0,1,1,134.0,234.0,0,2,145.0,0,2.6,1,2,2,1
117,64.0,1,3,125.0,309.0,0,2,131.0,1,1.8,1,0,3,1
118,59.0,1,1,134.0,204.0,0,2,162.0,0,0.8,2,2,2,1
119,57.0,1,2,130.0,131.0,0,2,115.0,1,1.2,1,1,3,1
120,63.0,1,2,130.0,330.0,1,1,132.0,1,1.8,2,3,3,1
121,60.0,1,2,130.0,253.0,0,2,144.0,1,1.4,2,1,3,1
122,52.0,1,2,112.0,230.0,0,2,160.0,0,0.0,2,1,2,1
123,42.0,1,3,120.0,240.0,1,2,194.0,0,0.8,0,0,3,0
124,44.0,1,0,130.0,219.0,0,1,188.0,0,0.0,2,0,2,0
125,54.0,1,2,140.0,239.0,0,2,160.0,0,1.2,2,0,2,0
126,39.0,1,3,140.0,321.0,0,1,182.0,0,0.0,2,0,2,0
127,41.0,1,0,135.0,203.0,0,2,132.0,0,0.0,1,0,1,0
128,53.0,0,3,128.0,216.0,0,1,115.0,0,0.0,2,0,0,0
129,64.0,1,1,170.0,227.0,0,1,155.0,0,0.6,1,0,3,0
130,44.0,1,3,130.0,233.0,0,2,179.0,1,0.4,2,0,2,0
131,48.0,0,3,130.0,275.0,0,2,139.0,0,0.2,2,0,2,0
132,58.0,1,3,105.0,240.0,0,1,154.0,1,0.6,1,0,3,0
133,54.0,0,3,160.0,201.0,0,2,163.0,0,0.0,2,1,2,0
134,57.0,1,3,150.0,126.0,1,2,173.0,0,0.2,2,1,3,0
135,42.0,0,3,120.0,209.0,0,2,173.0,0,0.0,1,0,2,0
136,54.0,0,3,110.0,214.0,0,2,158.0,0,1.6,1,0,2,0
137,65.0,0,3,140.0,417.0,1,1,157.0,0,0.8,2,1,2,0
138,53.0,0,2,138.0,234.0,0,1,160.0,0,0.0,2,0,2,0
139,58.0,0,2,100.0,248.0,0,1,122.0,0,1.0,1,0,2,0
140,59.0,1,2,110.0,239.0,0,1,142.0,1,1.2,1,1,3,1
141,56.0,1,2,125.0,249.0,1,1,144.0,1,1.2,1,1,2,1
142,43.0,0,2,132.0,341.0,1,1,136.0,1,3.0,1,0,3,1
143,35.0,1,2,126.0,282.0,0,1,156.0,1,0.0,2,0,3,1
144,62.0,0,2,150.0,244.0,0,2,154.0,1,1.4,1,0,2,1
145,42.0,1,2,136.0,315.0,0,2,125.0,1,1.8,1,0,1,1
146,62.0,0,2,138.0,294.0,1,2,106.0,0,1.9,1,3,2,1
147,53.0,1,2,140.0,203.0,1,1,155.0,1,3.1,0,0,3,1
148,61.0,1,2,140.0,207.0,0,1,138.0,1,1.9,2,1,3,1
149,41.0,1,2,110.0,172.0,0,1,158.0,0,0.0,2,0,3,1
150,63.0,0,2,150.0,407.0,0,1,154.0,0,4.0,1,3,3,1
151,63.0,1,2,140.0,187.0,0,1,144.0,1,4.0,2,2,3,1
152,66.0,1,0,160.0,246.0,0,2,120.0,1,0.0,1,3,1,1
153,54.0,1,3,120.0,258.0,0,1,147.0,0,0.4,1,0,3,0
154,66.0,0,1,150.0,226.0,0,2,114.0,0,2.6,0,0,2,0
155,67.0,0,3,115.0,564.0,0,1,160.0,0,1.6,1,0,3,0
156,49.0,0,0,134.0,271.0,0,2,162.0,0,0.0,1,0,2,0
157,51.0,1,3,125.0,245.0,1,1,166.0,0,2.4,1,0,2,0
158,59.0,1,2,135.0,234.0,0,2,161.0,0,0.5,1,0,3,0
159,57.0,1,2,132.0,207.0,0,2,168.0,1,0.0,2,0,3,0
160,56.0,1,0,130.0,221.0,0,1,163.0,0,0.0,2,0,3,0
161,62.0,1,3,130.0,231.0,0,2,146.0,0,1.8,1,3,3,0
162,74.0,0,0,120.0,269.0,0,1,121.0,1,0.2,2,1,2,0
163,52.0,1,0,120.0,325.0,0,2,172.0,0,0.2,2,0,2,0
164,45.0,1,0,128.0,308.0,0,1,170.0,0,0.0,2,0,2,0
165,42.0,1,2,140.0,226.0,0,2,178.0,0,0.0,2,0,2,0
166,63.0,1,1,145.0,233.0,1,1,150.0,0,2.3,0,0,1,0
167,46.0,0,3,142.0,177.0,0,1,160.0,1,1.4,0,0,2,0
168,57.0,1,3,150.0,168.0,0,2,174.0,0,1.6,2,0,2,0
169,51.0,1,2,140.0,299.0,0,2,173.0,1,1.6,2,0,3,1
170,43.0,1,2,120.0,177.0,0,1,120.0,1,2.5,1,0,3,1
171,65.0,1,2,110.0,248.0,0,1,158.0,0,0.6,2,2,1,1
172,59.0,1,2,170.0,326.0,0,1,140.0,1,3.4,0,0,3,1
173,54.0,1,2,110.0,206.0,0,1,108.0,1,0.0,1,1,2,1
174,48.0,1,0,110.0,229.0,0,2,168.0,0,1.0,0,0,3,1
175,64.0,1,2,120.0,246.0,0,1,96.0,1,2.2,0,1,2,1
176,56.0,0,2,134.0,409.0,0,1,150.0,1,1.9,1,2,3,1
177,40.0,1,2,110.0,167.0,0,1,114.0,1,2.0,1,0,3,1
178,57.0,0,2,140.0,241.0,0,2,123.0,1,0.2,1,0,3,1
179,46.0,1,2,140.0,311.0,0,2,120.0,1,1.8,1,2,3,1
180,59.0,1,2,140.0,177.0,0,2,162.0,1,0.0,2,1,3,1
181,58.0,1,0,120.0,284.0,0,1,160.0,0,1.8,1,0,2,1
182,55.0,1,2,132.0,353.0,0,2,132.0,1,1.2,1,1,3,1
183,65.0,0,3,160.0,360.0,0,1,151.0,0,0.8,2,0,2,0
184,63.0,0,3,135.0,252.0,0,1,172.0,0,0.0,2,0,2,0
185,64.0,1,1,110.0,211.0,0,1,144.0,1,1.8,1,0,2,0
186,70.0,1,0,156.0,245.0,0,1,143.0,0,0.0,2,0,2,0
187,44.0,1,0,120.0,220.0,0,2,170.0,0,0.0,2,0,2,0
188,29.0,1,0,130.0,204.0,0,1,202.0,0,0.0,2,0,2,0
189,52.0,1,1,118.0,186.0,0,1,190.0,0,0.0,1,0,1,0
190,53.0,1,3,130.0,246.0,1,1,173.0,0,0.0,2,3,2,0
191,64.0,1,2,128.0,263.0,0,2,105.0,1,0.2,1,1,3,0
192,71.0,0,3,110.0,265.0,1,1,130.0,0,0.0,2,1,2,0
193,44.0,0,3,118.0,242.0,0,2,149.0,0,0.3,1,1,2,0
194,45.0,0,0,112.0,160.0,0,2,138.0,0,0.0,1,0,2,0
195,45.0,1,2,115.0,260.0,0,1,185.0,0,0.0,2,0,2,0
196,43.0,1,2,150.0,247.0,0,2,171.0,0,1.5,2,0,2,0
197,66.0,1,2,160.0,228.0,0,1,138.0,0,2.3,2,0,1,0
198,42.0,0,2,102.0,265.0,0,1,122.0,0,0.6,1,0,2,0
199,69.0,1,3,140.0,254.0,0,1,146.0,0,2.0,1,3,3,1
200,63.0,1,2,130.0,254.0,0,1,147.0,0,1.4,1,1,3,1
201,60.0,1,2,125.0,258.0,0,1,141.0,1,2.8,1,1,3,1
202,70.0,1,2,145.0,174.0,0,2,125.0,1,2.6,0,0,3,1
203,60.0,0,2,150.0,258.0,0,1,157.0,0,2.6,1,2,3,1
204,58.0,1,2,150.0,270.0,0,1,111.0,1,0.8,2,0,3,1
205,59.0,0,2,174.0,249.0,0,2,143.0,1,0.0,1,0,2,1
206,57.0,1,2,110.0,335.0,0,2,143.0,1,3.0,1,1,3,1
207,52.0,1,2,128.0,204.0,1,2,156.0,1,1.0,1,0,0,1
208,61.0,1,2,120.0,260.0,0,2,140.0,1,3.6,1,1,3,1
209,44.0,1,2,120.0,169.0,0,2,144.0,1,2.8,0,0,1,1
210,56.0,0,2,200.0,288.0,1,1,133.0,1,4.0,0,2,3,1
211,55.0,1,2,160.0,289.0,0,1,145.0,1,0.8,1,1,3,1
212,57.0,1,0,124.0,261.0,0,2,141.0,0,0.3,2,0,3,1
213,52.0,1,0,128.0,205.0,1,2,184.0,0,0.0,2,0,2,0
214,41.0,1,3,130.0,214.0,0,1,168.0,0,2.0,1,0,2,0
215,51.0,1,1,125.0,213.0,0,1,125.0,1,1.4,2,1,2,0
216,69.0,1,1,160.0,234.0,1,1,131.0,0,0.1,1,1,2,0
217,47.0,1,3,130.0,253.0,0,2,179.0,0,0.0,2,0,2,0
218,62.0,1,0,128.0,208.0,1,1,140.0,0,0.0,2,0,2,0
219,63.0,0,0,140.0,195.0,0,2,179.0,0,0.0,2,2,2,0
220,48.0,1,3,124.0,255.0,1,2,175.0,0,0.0,2,2,2,0
221,46.0,0,0,105.0,204.0,0,2,172.0,0,0.0,2,0,2,0
222,56.0,1,0,120.0,236.0,0,2,178.0,0,0.8,2,0,2,0
223,39.0,0,3,138.0,220.0,0,2,152.0,0,0.0,1,0,2,0
224,37.0,0,3,120.0,215.0,0,2,170.0,0,0.0,2,0,2,0
225,44.0,1,3,120.0,226.0,0,2,169.0,0,0.0,2,0,2,0
226,49.0,1,0,130.0,266.0,0,2,171.0,0,0.6,2,0,2,0
227,59.0,1,1,178.0,270.0,0,1,145.0,0,4.2,0,0,3,0
228,44.0,1,3,140.0,235.0,0,1,180.0,0,0.0,2,0,2,0
229,60.0,1,2,117.0,230.0,1,2,160.0,1,1.4,2,2,3,1
230,50.0,1,2,144.0,200.0,0,1,126.0,1,0.9,1,0,3,1
231,62.0,0,2,140.0,268.0,0,1,160.0,0,3.6,0,2,2,1
232,59.0,1,1,160.0,273.0,0,1,125.0,0,0.0,2,0,2,1
233,45.0,1,2,142.0,309.0,0,1,147.0,1,0.0,1,3,3,1
234,65.0,0,2,150.0,225.0,0,1,114.0,0,1.0,1,3,3,1
235,65.0,1,1,138.0,282.0,1,1,174.0,0,1.4,1,1,2,1
236,67.0,1,2,120.0,229.0,0,1,129.0,1,2.6,1,2,3,1
237,54.0,1,0,192.0,283.0,0,1,195.0,0,0.0,2,1,3,1
238,57.0,1,2,150.0,276.0,0,1,112.0,1,0.6,1,1,1,1
239,62.0,0,2,160.0,164.0,0,1,145.0,0,6.2,0,3,3,1
240,48.0,1,2,130.0,256.0,1,1,150.0,1,0.0,2,2,3,1
241,55.0,0,2,128.0,205.0,0,0,130.0,1,2.0,1,1,3,1
242,40.0,1,2,152.0,223.0,0,2,181.0,0,0.0,2,0,3,1
243,58.0,0,2,130.0,197.0,0,2,131.0,0,0.6,1,0,2,0
244,57.0,1,2,110.0,201.0,0,2,126.0,1,1.5,1,0,1,0
245,44.0,0,3,108.0,141.0,0,2,175.0,0,0.6,1,0,2,0
246,51.0,1,2,140.0,261.0,0,1,186.0,1,0.0,2,0,2,0
247,58.0,0,1,150.0,283.0,1,1,162.0,0,1.0,2,0,2,0
248,65.0,1,2,120.0,177.0,0,2,140.0,0,0.4,2,0,3,0
249,51.0,0,3,130.0,256.0,0,1,149.0,0,0.5,2,0,2,0
250,58.0,1,3,140.0,211.0,1,1,165.0,0,0.0,2,0,2,0
251,43.0,1,2,115.0,303.0,0,2,181.0,0,1.2,1,0,2,0
252,38.0,1,3,138.0,175.0,0,2,173.0,0,0.0,2,4,2,0
253,46.0,0,2,138.0,243.0,0,1,152.0,1,0.0,1,0,2,0
254,50.0,0,3,120.0,219.0,0,2,158.0,0,1.6,1,0,2,0
255,58.0,1,0,125.0,220.0,0,2,144.0,0,0.4,1,4,3,0
256,59.0,1,2,138.0,271.0,0,1,182.0,0,0.0,2,0,2,0
257,51.0,0,3,140.0,308.0,0,1,142.0,0,1.5,2,1,2,0
258,50.0,1,3,129.0,196.0,0,2,163.0,0,0.0,2,0,2,0
259,58.0,1,3,112.0,230.0,0,1,165.0,0,2.5,1,1,3,1
260,35.0,1,2,120.0,198.0,0,2,130.0,1,1.6,1,0,3,1
261,67.0,1,2,160.0,286.0,0,1,108.0,1,1.5,1,3,2,1
262,61.0,0,2,145.0,307.0,0,1,146.0,1,1.0,1,0,3,1
263,70.0,1,3,160.0,269.0,0,2,112.0,1,2.9,1,1,3,1
264,60.0,1,2,130.0,206.0,0,1,132.0,1,2.4,1,2,3,1
265,52.0,1,2,125.0,212.0,0,2,168.0,0,1.0,2,2,3,1
266,56.0,1,2,132.0,184.0,0,1,105.0,1,2.1,1,1,1,1
267,57.0,1,2,165.0,289.0,1,1,124.0,0,1.0,1,3,3,1
268,59.0,1,2,164.0,176.0,1,1,90.0,0,1.0,1,2,1,1
269,66.0,1,2,112.0,212.0,0,1,132.0,1,0.1,2,1,2,1
270,58.0,0,0,136.0,319.0,1,1,152.0,0,0.0,2,2,2,1
271,67.0,1,3,152.0,212.0,0,1,150.0,0,0.8,1,0,3,1
272,54.0,1,2,124.0,266.0,0,1,109.0,1,2.2,1,1,3,1
273,54.0,1,3,125.0,273.0,0,1,152.0,0,0.5,0,1,2,0
274,60.0,0,1,150.0,240.0,0,2,171.0,0,0.9,2,0,2,0
275,57.0,0,2,120.0,354.0,0,2,163.0,1,0.6,2,0,2,0
276,34.0,1,1,118.0,182.0,0,1,174.0,0,0.0,2,0,2,0
277,53.0,1,3,130.0,197.0,1,1,152.0,0,1.2,0,0,2,0
278,51.0,0,3,120.0,295.0,0,1,157.0,0,0.6,2,0,2,0
279,39.0,0,3,94.0,199.0,0,2,179.0,0,0.0,2,0,2,0
280,59.0,1,0,140.0,221.0,0,2,164.0,1,0.0,2,0,2,0
281,67.0,0,2,106.0,223.0,0,2,142.0,0,0.3,2,2,2,0
282,42.0,1,0,120.0,295.0,0,2,162.0,0,0.0,2,0,2,0
283,60.0,0,3,120.0,178.0,1,2,96.0,0,0.0,2,0,2,0
284,49.0,0,2,130.0,269.0,0,2,163.0,0,0.0,2,0,2,0
285,59.0,1,3,150.0,212.0,1,2,157.0,0,1.6,2,0,2,0
286,69.0,0,1,140.0,239.0,0,2,151.0,0,1.8,2,2,2,0
287,50.0,0,2,110.0,254.0,0,1,159.0,0,0.0,2,0,2,0
288,45.0,1,2,104.0,208.0,0,1,148.0,1,3.0,1,0,2,0
289,53.0,1,2,123.0,282.0,0,2,95.0,1,2.0,1,2,3,1
290,50.0,1,2,150.0,243.0,0,1,128.0,0,2.6,1,0,3,1
291,44.0,1,2,110.0,197.0,0,1,177.0,0,0.0,2,1,2,1
292,58.0,1,2,146.0,218.0,0,2,105.0,0,2.0,1,1,3,1
293,68.0,1,2,144.0,193.0,1,2,141.0,0,3.4,1,2,3,1
294,62.0,1,2,120.0,267.0,0,2,99.0,1,1.8,1,2,3,1
295,58.0,1,3,132.0,224.0,0,1,173.0,0,3.2,2,2,3,1
296,50.0,1,3,140.0,233.0,0,2,163.0,0,0.6,1,1,3,1
297,63.0,0,2,124.0,197.0,0,2,136.0,1,0.0,1,0,2,1
298,60.0,1,3,140.0,185.0,0,1,155.0,0,3.0,1,0,2,1
299,49.0,1,3,118.0,149.0,0,1,126.0,0,0.8,2,3,2,1
300,61.0,0,2,130.0,330.0,0,1,169.0,0,0.0,2,0,2,1
301,58.0,1,2,100.0,234.0,0,2,156.0,0,0.1,2,1,3,1
302,68.0,1,3,180.0,274.0,1,1,150.0,1,1.6,1,0,3,1
