,handicapped infants_categorical,water project cost sharing_categorical,adoption of the budget resolution_categorical,physician fee freeze_categorical,el salvador aid_categorical,religious groups in schools_categorical,anti satellite test ban_categorical,aid to nicaraguan contras_categorical,mx missile_categorical,immigration_categorical,synfuels corporation cutback_categorical,education spending_categorical,superfund right to sue_categorical,crime_categorical,duty free exports_categorical,export administration act south africa_categorical,target
0,0,0,2,2,2,2,0,0,2,2,0,2,2,2,0,2,1
1,2,0,2,2,2,2,2,2,0,2,0,2,0,2,2,2,1
2,0,2,2,0,2,1,2,0,0,2,2,0,2,0,2,2,0
3,2,0,2,0,2,2,0,0,0,0,0,0,0,0,0,2,0
4,0,2,0,2,2,2,0,0,0,0,2,2,2,2,0,0,1
5,2,2,2,0,2,2,0,2,0,0,2,0,2,0,2,2,0
6,0,2,2,0,0,0,2,2,2,2,2,0,0,0,2,2,0
7,0,0,0,0,2,2,2,0,0,0,0,2,2,2,0,2,0
8,2,2,2,0,0,0,2,2,2,2,2,0,0,0,0,2,0
9,0,2,2,0,0,2,2,2,0,2,2,0,2,2,0,1,0
10,0,0,2,2,0,0,2,2,2,2,0,0,0,2,2,2,1
11,0,2,2,0,2,2,0,2,0,0,0,0,0,0,0,2,0
12,0,1,0,2,2,2,0,0,0,0,0,2,2,2,0,0,1
13,2,2,0,0,2,2,0,0,0,0,2,2,2,2,2,0,0
14,2,0,2,0,0,0,2,2,2,2,2,0,0,2,2,2,0
15,2,2,2,0,2,2,2,2,0,2,2,0,0,0,2,1,0
16,2,2,2,0,0,0,2,2,2,2,0,0,2,0,0,2,0
17,0,1,2,0,0,0,2,2,2,2,2,0,0,2,2,2,0
18,2,2,2,0,0,0,0,2,2,0,2,0,0,0,2,2,0
19,0,2,2,0,0,2,2,2,2,0,1,0,0,0,0,2,0
20,2,0,2,0,0,2,2,2,2,2,2,0,0,0,0,2,0
21,0,2,0,2,2,2,0,0,0,0,0,2,2,2,0,0,1
22,0,0,0,2,2,2,0,0,0,2,0,2,0,2,0,2,1
23,0,0,0,2,2,2,0,0,0,2,1,2,2,2,0,0,1
24,0,2,0,2,2,2,0,0,0,2,0,2,2,2,0,2,1
25,0,2,0,2,1,2,0,0,0,2,0,2,2,2,0,0,1
26,2,0,2,0,1,0,2,2,2,2,0,2,0,1,2,2,0
27,2,2,2,0,0,0,2,2,2,0,2,0,0,0,0,1,0
28,2,2,2,0,0,0,2,2,1,2,0,0,0,0,2,1,0
29,0,2,2,0,2,2,0,0,0,2,2,2,2,2,0,1,0
30,0,1,0,0,0,2,2,2,2,2,0,0,0,2,0,1,0
31,2,0,2,0,0,0,2,2,2,2,0,0,0,0,2,2,0
32,0,0,2,0,0,0,2,2,2,0,2,0,0,0,2,2,0
33,2,0,2,0,0,0,2,2,2,2,0,0,0,0,2,2,0
34,0,2,0,2,2,2,0,0,0,2,0,1,2,2,0,0,1
35,0,0,2,0,0,2,2,2,2,0,2,0,0,0,2,2,0
36,0,2,0,2,2,2,0,0,0,2,0,2,2,2,0,0,1
37,0,1,2,0,2,2,0,2,0,0,2,0,0,0,0,1,0
38,0,0,2,0,0,0,2,2,2,0,0,0,0,2,2,2,0
39,0,2,0,2,2,2,0,0,0,0,0,2,2,1,0,2,1
40,2,0,2,0,0,2,2,2,0,2,2,0,2,2,2,2,0
41,2,0,2,0,0,0,2,2,2,0,0,0,0,0,2,1,0
42,0,2,0,2,2,2,0,0,0,0,0,2,2,2,0,2,1
43,2,0,0,0,2,2,2,0,0,2,2,0,0,2,0,2,0
44,0,0,2,0,0,0,2,2,2,2,2,0,0,0,2,2,0
45,2,2,2,2,0,0,2,2,2,2,2,0,0,2,0,2,1
46,0,1,0,2,2,2,0,0,0,0,0,2,2,2,0,1,1
47,0,0,0,2,2,2,0,0,0,0,0,2,2,2,0,2,1
48,2,0,2,0,0,2,2,2,0,0,0,2,2,0,0,2,0
49,0,2,2,2,2,2,0,0,0,2,0,2,2,2,0,2,1
50,0,0,0,2,2,2,0,0,0,0,0,2,2,2,2,0,1
51,0,2,0,2,2,2,0,0,0,0,0,2,2,2,0,1,1
52,2,0,0,0,2,2,0,0,0,0,2,2,0,2,0,2,0
53,0,2,2,0,2,2,0,0,0,0,2,0,0,0,2,1,0
54,0,2,0,2,2,2,0,0,0,2,0,2,1,2,0,0,1
55,0,0,2,0,0,2,2,2,2,2,0,0,0,2,1,2,0
56,2,2,2,0,2,2,0,2,2,2,2,0,0,0,0,2,0
57,2,2,2,0,0,0,2,2,2,0,2,0,0,0,2,2,0
58,0,2,0,0,2,2,0,0,1,0,0,2,2,2,0,2,0
59,0,2,0,2,2,2,0,0,0,2,2,2,2,0,0,2,1
60,0,0,0,2,2,2,0,0,0,0,0,2,2,2,0,0,1
61,2,0,2,0,0,0,2,2,2,0,0,0,0,0,2,2,0
62,2,0,2,0,2,2,2,0,2,2,0,0,2,2,0,1,0
63,0,2,2,0,0,0,2,2,2,0,0,0,2,0,1,1,0
64,0,2,0,2,2,2,0,0,0,0,0,2,2,2,0,2,1
65,0,0,0,0,0,0,2,2,2,2,0,2,2,2,2,2,0
66,2,0,2,0,0,0,2,2,2,2,0,0,0,0,0,2,0
67,2,2,2,0,2,2,0,2,0,2,2,0,2,2,2,2,0
68,0,1,1,1,1,1,1,1,1,1,1,1,1,2,1,1,1
69,2,0,2,0,0,0,2,2,2,0,2,0,0,0,2,1,0
70,0,0,2,2,2,2,2,2,2,2,0,2,2,2,2,2,1
71,0,2,0,2,2,2,0,0,0,0,0,2,1,1,0,1,1
72,0,1,2,0,0,2,2,2,2,2,0,0,0,2,2,2,0
73,2,2,0,2,2,2,0,0,0,2,0,0,2,2,0,2,1
74,0,2,0,2,2,2,0,0,0,0,2,2,0,2,0,0,0
75,0,2,0,2,2,2,0,0,0,0,0,0,2,2,1,2,1
76,2,2,2,0,1,0,2,2,2,2,0,0,0,0,2,1,0
77,2,1,0,2,2,2,0,2,0,0,0,2,2,2,0,2,1
78,0,0,0,2,2,2,0,0,0,0,0,2,2,2,0,2,1
79,1,1,1,1,0,2,0,2,2,0,0,2,2,0,0,1,1
80,0,0,0,2,2,2,2,0,0,2,0,2,2,2,0,2,1
81,1,1,1,0,0,0,2,2,2,2,0,0,2,0,2,2,0
82,2,0,2,0,0,2,2,2,2,2,2,0,0,0,2,2,0
83,2,0,2,0,0,0,2,2,2,1,2,0,0,0,2,1,0
84,2,2,2,0,2,2,0,0,0,0,2,1,2,2,2,2,0
85,0,2,0,2,2,2,0,0,0,0,0,2,2,2,0,0,1
86,0,2,2,0,0,2,2,2,2,0,2,0,0,2,2,2,0
87,0,2,0,2,2,2,0,0,0,2,2,2,2,2,0,0,1
88,2,2,2,0,0,2,2,2,2,2,2,0,2,2,2,2,0
89,0,1,2,0,0,2,2,2,0,2,0,0,0,0,2,1,0
90,0,2,0,2,2,2,0,0,0,2,0,2,2,1,0,1,1
91,2,1,2,0,0,0,2,2,2,0,0,0,0,0,2,1,0
92,2,0,2,0,0,0,0,2,2,2,0,0,0,0,2,2,0
93,2,0,2,0,0,0,2,2,2,2,2,0,0,0,2,2,0
94,2,1,2,0,0,0,2,2,2,0,0,0,0,0,2,1,0
95,2,2,2,2,2,0,2,0,0,0,0,2,2,2,0,2,1
96,0,0,0,2,2,2,0,0,0,0,0,2,2,2,0,2,1
97,2,2,2,2,2,2,2,2,0,2,0,0,2,2,0,2,1
98,2,0,2,0,0,0,2,2,1,2,2,2,0,2,0,2,0
99,0,0,0,2,2,2,0,0,0,2,0,2,2,2,0,0,1
100,2,2,0,2,2,2,0,0,0,0,0,0,2,2,0,2,1
101,0,2,0,2,2,2,1,0,0,0,0,1,2,2,0,0,1
102,2,2,2,0,0,0,2,2,2,0,2,0,0,0,2,2,0
103,2,2,0,2,2,2,0,0,0,2,0,2,2,2,0,2,1
104,0,2,0,2,2,2,0,0,0,2,0,2,2,2,0,1,1
105,2,2,2,0,0,0,2,2,0,0,0,0,0,2,0,2,0
106,2,0,0,0,0,2,2,2,2,2,0,0,0,2,2,2,0
107,0,0,2,0,0,0,2,2,2,2,2,1,0,0,2,2,0
108,0,1,0,2,2,2,0,0,0,2,0,2,2,2,0,0,1
109,2,1,2,0,1,1,2,2,2,0,0,0,0,0,2,1,0
110,0,2,2,2,2,2,0,0,0,2,2,0,2,2,0,0,0
111,0,0,2,0,0,0,2,2,2,2,2,0,0,0,2,2,0
112,2,2,0,2,2,2,2,0,0,0,0,2,2,2,0,0,1
113,0,0,2,0,0,0,2,2,2,2,0,0,0,0,2,2,0
114,2,0,2,0,0,0,2,2,2,0,0,0,0,0,2,1,0
115,0,2,2,2,2,2,0,0,0,2,2,2,2,2,2,1,0
116,2,2,2,0,0,0,2,2,2,2,0,0,0,0,2,2,0
117,2,2,2,1,0,0,0,2,0,0,2,1,0,0,2,2,0
118,0,0,0,0,2,2,2,0,0,0,0,1,0,2,2,2,1
119,0,0,2,0,0,0,2,2,0,2,2,0,0,0,2,1,0
120,2,0,0,2,2,2,0,0,0,0,2,2,2,2,0,0,1
121,0,2,2,0,2,2,2,2,0,0,2,0,2,0,2,2,0
122,0,0,2,0,0,0,2,2,2,0,0,1,0,0,2,2,0
123,0,1,0,2,2,2,0,0,0,2,0,2,2,2,0,2,1
124,2,2,2,0,0,0,2,2,2,0,0,0,0,0,2,2,0
125,0,2,2,2,2,2,2,1,0,0,0,0,1,1,2,1,1
126,0,0,0,2,2,2,0,0,0,2,0,2,2,2,0,0,1
127,2,2,2,0,0,2,2,2,1,2,2,1,0,0,2,1,0
128,2,0,2,0,0,2,2,2,2,2,0,1,0,2,0,2,0
129,2,0,2,0,0,2,2,2,2,2,0,2,0,2,0,1,0
130,0,2,2,1,2,2,0,2,0,2,1,0,2,2,1,2,0
131,0,0,2,0,0,0,2,2,2,2,0,0,0,2,0,2,0
132,0,0,0,2,2,2,2,2,0,2,0,2,2,2,0,2,1
133,0,0,0,2,2,2,2,2,2,2,0,2,2,2,0,2,1
134,0,2,2,0,0,2,0,2,2,2,0,0,2,2,0,2,0
135,0,2,2,0,0,2,0,2,2,0,2,0,1,1,1,1,0
136,2,2,2,0,0,2,2,2,2,0,0,0,0,0,2,2,0
137,0,2,2,0,0,2,2,2,2,2,0,1,0,0,2,2,0
138,0,2,0,2,2,2,0,0,0,0,0,0,2,2,0,2,1
139,0,2,0,2,2,2,0,0,0,2,0,2,2,2,0,0,1
140,0,2,0,2,2,2,0,0,0,0,2,1,2,2,1,1,1
141,2,0,2,0,0,0,2,2,2,2,0,0,0,0,2,2,0
142,0,2,2,0,0,0,2,2,2,2,0,0,0,0,2,2,0
143,2,0,2,0,0,0,2,2,2,0,0,0,0,0,2,1,0
144,2,2,0,2,2,2,0,0,0,2,0,2,2,2,0,2,1
145,0,0,0,2,2,2,0,0,0,2,0,2,2,2,0,2,1
146,2,0,2,0,0,0,2,2,2,2,0,0,0,0,2,2,0
147,2,1,2,0,0,2,2,2,2,2,0,0,0,0,2,1,0
148,2,2,2,2,2,2,2,2,0,2,1,1,1,2,0,2,1
149,2,0,2,0,0,2,2,2,2,0,0,2,1,2,2,2,0
150,0,0,2,2,2,2,2,0,0,0,0,2,2,2,0,2,1
151,0,0,0,2,2,2,0,0,0,2,2,2,2,2,0,1,1
152,0,0,0,2,2,2,0,0,0,0,0,2,2,2,0,0,1
153,0,0,0,2,2,2,0,0,0,0,0,2,2,2,0,0,1
154,2,1,0,2,2,2,2,2,0,0,0,2,1,2,1,1,1
155,2,2,2,0,0,0,2,2,2,0,0,0,0,0,0,2,0
156,0,0,0,2,2,2,2,2,2,2,0,2,2,2,1,2,1
157,0,2,2,0,2,2,0,0,0,0,0,0,2,2,2,2,0
158,2,2,0,2,0,0,2,2,2,0,2,0,0,2,0,2,0
159,0,2,2,0,2,2,2,0,2,2,2,0,2,2,0,2,0
160,2,0,2,0,0,2,2,2,2,0,0,0,0,0,2,2,0
161,2,0,2,0,0,0,2,0,2,2,2,0,0,0,2,2,0
162,0,0,2,0,0,0,2,2,2,2,0,0,0,0,0,2,0
163,2,0,2,0,0,0,2,2,0,2,2,0,0,0,0,1,0
164,0,1,2,0,0,2,0,2,0,2,2,0,0,0,2,2,0
165,0,2,2,0,0,2,2,2,2,2,0,0,2,2,2,2,0
166,0,0,0,2,2,2,0,0,0,0,0,2,2,2,0,1,1
167,0,2,0,2,0,2,2,2,2,0,2,0,2,0,2,1,0
168,1,1,1,1,1,1,1,1,2,1,1,1,1,1,1,1,0
169,2,0,2,2,2,0,2,0,2,2,0,0,2,2,0,2,1
170,1,1,1,1,0,2,2,2,2,2,1,0,2,2,0,1,0
171,0,0,0,2,2,2,0,0,0,0,0,2,2,2,0,2,1
172,2,2,2,0,0,0,2,2,2,0,0,0,0,0,1,1,0
173,2,0,2,0,0,2,0,2,1,2,2,2,1,0,0,2,0
174,2,0,2,0,1,2,1,2,2,2,0,0,2,2,0,2,0
175,1,0,2,0,0,0,2,2,2,2,2,1,0,0,2,1,0
176,2,0,2,0,0,0,2,2,1,0,2,0,0,0,2,2,0
177,2,1,0,2,2,2,2,0,0,2,0,2,2,2,0,2,1
178,2,2,2,0,0,0,2,2,2,0,0,0,0,0,2,2,0
179,2,2,0,0,0,0,0,2,2,0,2,0,0,0,2,0,0
180,0,2,2,0,0,2,2,2,1,0,2,2,0,0,2,2,0
181,2,2,2,0,2,2,0,2,2,0,2,0,0,2,0,1,0
182,0,0,2,0,2,2,0,0,0,0,1,0,2,2,0,0,0
183,0,0,2,0,0,2,2,2,2,2,0,2,0,2,2,1,0
184,0,2,0,2,2,2,0,1,0,2,0,2,2,2,0,1,1
185,2,1,2,0,0,0,2,2,2,0,0,0,0,0,2,2,0
186,2,0,2,0,0,0,2,2,2,2,0,0,0,0,2,1,0
187,0,0,2,0,2,2,0,0,0,2,2,2,2,2,0,2,0
188,2,0,2,0,0,0,2,2,2,2,0,2,0,0,2,1,0
189,0,2,2,0,2,2,2,0,0,0,2,2,2,2,0,2,0
190,0,0,0,2,2,0,2,0,2,2,0,0,0,2,0,2,1
191,0,0,2,0,0,0,2,2,2,0,0,0,0,0,2,2,0
192,0,0,2,0,0,2,2,2,2,2,0,2,0,0,0,2,0
193,2,2,0,0,2,2,0,0,0,2,2,2,2,2,0,1,0
194,0,2,0,2,2,2,0,0,0,0,0,2,2,2,0,2,1
195,2,0,2,0,0,0,2,2,1,0,0,0,0,0,0,1,0
196,0,0,2,2,2,2,2,2,0,2,0,0,0,2,0,2,1
197,2,2,0,0,2,1,0,0,0,0,2,0,2,2,0,2,0
198,2,2,2,0,0,2,2,2,2,2,0,0,0,0,0,2,0
199,0,2,2,0,0,0,0,2,2,2,2,0,0,0,2,2,0
200,0,0,0,2,2,0,0,0,0,0,0,2,2,2,0,2,1
201,2,0,2,0,0,0,2,2,2,2,0,0,0,0,2,2,0
202,2,2,2,0,0,0,2,2,2,0,2,1,0,0,0,2,0
203,0,2,2,0,0,0,2,2,2,2,0,0,1,0,2,2,0
204,1,1,2,0,0,0,2,2,1,0,1,1,1,1,1,1,0
205,0,0,2,2,2,2,0,0,2,0,0,0,2,2,2,1,0
206,0,0,0,2,0,2,2,1,2,0,0,2,2,2,0,2,1
207,0,1,0,2,2,2,0,0,0,2,0,2,2,2,0,2,1
208,2,0,2,0,0,0,2,2,2,2,2,0,0,2,0,2,0
209,0,2,2,0,0,2,2,2,1,2,0,0,0,0,0,2,0
210,0,2,2,0,0,0,2,2,0,0,2,0,0,0,2,1,0
211,0,0,0,2,2,2,0,0,0,2,0,2,2,2,0,2,1
212,2,0,2,0,0,2,2,2,2,2,0,0,2,0,0,2,0
213,0,1,0,2,2,2,0,0,0,2,0,2,2,2,0,2,1
214,2,1,2,0,0,0,2,2,2,0,0,1,0,0,2,2,0
215,2,2,2,0,0,0,2,2,2,0,2,0,0,0,2,1,0
216,0,0,0,2,2,0,2,2,0,2,0,2,2,2,1,2,1
217,0,0,0,2,2,2,0,0,0,0,2,2,2,2,0,0,0
218,2,2,2,0,0,0,2,2,2,0,0,0,1,1,2,2,0
219,0,2,0,2,2,2,0,0,0,0,0,2,2,2,0,0,1
220,2,2,0,2,2,2,0,0,0,0,2,2,2,2,0,2,1
221,2,0,2,0,0,0,2,2,2,0,0,0,0,0,2,2,0
222,0,0,2,0,0,2,2,2,2,0,2,0,0,2,2,2,0
223,0,2,0,2,2,2,0,0,0,0,0,2,2,2,0,2,1
224,0,0,0,2,2,2,0,0,0,0,0,2,2,2,0,0,1
225,0,0,0,2,2,2,0,0,0,2,1,2,2,2,0,2,1
226,2,2,0,2,2,2,2,0,0,0,0,2,2,2,0,2,1
227,2,2,2,0,0,1,2,2,0,0,2,0,0,0,2,2,0
228,0,2,0,2,2,2,0,0,0,0,0,2,2,2,0,0,1
229,2,2,2,0,0,0,2,2,1,0,2,0,0,0,2,1,0
230,0,2,0,2,2,2,0,0,0,0,0,0,1,2,2,2,0
231,2,2,2,0,0,0,2,2,2,0,0,0,0,0,0,2,0
232,0,0,2,0,0,2,2,2,0,0,2,0,0,2,1,2,0
233,0,0,0,2,2,2,0,0,0,2,0,2,2,2,0,1,1
234,2,2,1,2,2,2,0,0,2,0,2,1,2,2,0,0,0
235,0,0,2,0,0,0,2,2,2,2,0,0,2,0,2,2,0
236,0,2,2,2,2,2,0,0,0,0,0,2,2,2,0,1,0
237,2,0,2,0,0,0,2,2,2,2,2,0,2,0,2,2,0
238,2,2,2,0,2,2,0,0,0,2,2,0,2,2,0,2,0
239,0,1,2,2,2,2,0,0,0,2,0,0,0,2,0,2,1
240,0,1,0,2,2,2,0,0,0,2,0,2,2,2,0,2,1
241,0,1,2,0,1,1,2,2,2,2,1,1,0,0,2,2,0
242,2,2,0,2,2,2,0,0,0,0,2,0,2,2,0,1,0
243,2,2,0,2,2,2,0,0,0,2,0,2,2,2,0,2,1
244,2,0,2,0,0,0,2,2,2,2,0,0,1,0,2,2,0
245,2,2,2,0,0,0,2,2,2,0,2,0,0,0,2,2,0
246,0,2,0,2,2,2,0,1,0,0,0,2,2,2,0,2,1
247,2,1,2,0,0,0,2,2,2,0,1,0,0,0,2,1,0
248,2,2,2,0,0,0,2,2,2,0,0,0,0,0,2,2,0
249,0,2,0,0,0,0,2,2,2,2,2,0,0,0,2,2,0
250,2,2,0,2,2,2,0,1,0,0,2,2,2,2,0,0,1
251,0,0,2,2,2,2,2,0,0,2,2,2,2,2,0,2,1
252,0,0,2,0,0,2,2,2,2,2,0,0,2,0,0,2,0
253,1,1,1,1,1,1,1,1,1,1,1,1,1,1,1,1,1
254,0,0,0,2,2,2,0,0,0,2,0,2,2,2,0,2,1
255,0,2,0,2,2,2,1,1,0,0,1,1,2,1,1,1,1
256,2,0,2,0,0,0,2,2,2,0,0,0,0,0,0,2,0
257,1,1,0,0,1,2,1,0,0,0,2,2,0,2,0,1,0
258,0,2,0,2,2,2,0,0,0,2,2,2,2,2,0,0,1
259,2,2,1,1,1,2,0,0,0,0,2,0,2,0,0,2,0
260,0,2,0,2,2,2,1,1,0,2,0,2,1,1,1,1,1
261,2,2,2,1,0,2,2,2,2,0,2,0,2,0,1,2,0
262,2,2,2,0,0,2,1,2,0,0,2,2,0,2,0,1,0
263,0,0,0,2,2,2,0,0,0,2,0,1,2,2,0,1,1
264,0,0,0,0,0,2,0,2,2,0,2,2,2,2,2,0,0
265,0,0,0,2,0,0,2,2,2,2,0,0,2,2,0,2,1
266,0,2,2,0,1,2,2,2,2,2,2,0,0,1,0,1,0
267,0,0,0,2,2,2,0,0,0,0,0,2,2,2,0,0,1
268,0,2,0,2,2,2,0,0,0,0,0,1,2,2,0,0,1
269,2,2,2,0,0,0,2,2,2,0,0,0,0,0,0,2,0
270,0,2,0,2,2,2,0,0,0,2,2,2,2,2,0,2,1
271,2,0,0,2,2,0,2,0,0,2,0,0,0,2,2,2,1
272,2,2,2,0,2,2,0,2,1,2,0,0,2,2,0,1,0
273,2,2,2,0,0,0,2,2,2,0,0,0,0,0,2,2,0
274,0,2,0,2,2,2,0,0,0,0,0,2,2,2,0,2,1
275,2,2,2,0,0,2,1,2,2,0,2,0,2,0,2,2,0
276,0,2,2,0,0,0,0,2,2,0,2,0,0,2,2,2,0
277,2,0,2,0,0,0,2,2,2,0,0,0,0,0,2,1,0
278,0,0,0,2,2,0,2,2,2,2,0,2,2,2,0,2,1
279,0,0,2,2,2,2,0,0,0,2,0,2,2,2,2,2,1
280,0,0,0,2,2,2,0,0,0,0,2,2,2,2,0,2,1
281,2,2,2,0,0,2,2,2,2,2,2,2,2,0,0,2,0
282,0,0,0,0,2,2,0,0,0,2,2,2,2,2,0,2,0
283,2,0,2,0,0,0,2,2,2,0,0,0,0,0,1,2,0
284,0,0,2,0,0,0,2,2,2,0,0,0,0,0,2,1,0
285,2,1,2,0,0,0,2,2,2,0,2,0,0,0,2,2,0
286,0,2,2,0,0,1,2,2,2,2,2,0,1,2,2,2,0
287,0,2,2,0,0,2,0,2,2,2,2,0,2,0,2,2,0
288,0,1,2,0,0,0,2,2,2,0,0,0,0,0,2,2,0
289,2,0,2,0,2,2,0,1,1,0,2,1,1,1,2,2,0
290,2,0,2,2,2,2,2,2,0,0,0,0,0,2,0,1,1
291,0,2,0,2,2,2,2,0,0,0,0,2,2,2,0,2,1
292,0,0,0,2,2,2,0,0,0,0,0,2,2,2,0,1,1
293,0,0,0,2,2,2,0,0,0,2,0,2,2,2,2,0,1
294,0,2,0,2,2,2,0,0,0,2,0,2,2,2,0,0,1
295,0,0,0,2,2,2,0,0,0,2,0,2,0,2,0,2,1
296,0,1,0,2,2,2,0,0,0,2,0,2,2,2,0,0,1
297,0,0,2,0,0,2,2,2,2,2,2,0,0,0,2,2,0
298,2,1,2,0,0,0,2,2,2,0,0,0,0,0,2,1,0
299,2,2,0,2,2,2,0,0,0,0,2,0,2,2,0,2,1
300,0,2,0,2,2,2,0,0,0,2,0,2,2,2,0,2,1
301,0,1,0,2,2,2,0,0,0,0,0,2,2,2,0,2,1
302,0,2,0,2,2,2,0,0,0,2,0,2,2,2,0,0,1
303,0,2,0,2,2,2,0,0,0,2,0,2,2,2,0,2,1
304,0,1,0,2,2,2,0,0,0,0,0,2,2,2,0,0,1
305,0,0,0,2,2,2,0,0,0,0,0,2,2,2,0,2,1
306,2,2,2,0,0,0,2,2,2,0,1,0,0,0,0,1,0
307,2,0,2,2,2,2,2,2,0,2,2,2,0,2,2,2,1
308,2,0,2,0,0,0,2,2,2,0,0,0,0,0,2,1,0
309,0,2,2,0,1,2,0,0,0,0,2,0,2,0,0,2,0
310,0,2,0,2,2,2,0,0,0,2,0,2,2,2,0,2,1
311,0,0,1,0,0,2,2,2,2,0,0,0,0,0,2,2,0
312,0,0,2,0,0,2,2,2,2,0,0,0,0,0,2,2,0
313,2,0,2,0,0,0,2,2,2,0,0,0,0,0,0,2,0
314,0,1,0,2,2,2,0,0,0,0,2,2,2,2,0,2,1
315,2,0,0,0,0,0,2,2,2,2,0,0,0,2,0,2,1
316,0,0,0,2,2,2,0,0,0,2,0,2,2,2,0,0,1
317,0,2,2,0,0,2,0,2,2,0,2,0,2,0,2,2,0
318,2,2,2,0,1,2,2,2,0,2,1,1,0,0,2,2,0
319,2,2,2,0,0,0,2,2,2,2,2,0,2,0,0,2,0
320,0,0,2,0,0,0,2,2,2,0,0,0,0,0,2,2,0
321,0,0,0,2,2,2,0,0,0,0,0,2,2,2,0,0,1
322,2,1,2,0,0,0,2,2,2,0,0,0,2,0,2,2,0
323,0,0,0,2,2,2,0,0,0,2,2,2,0,2,0,2,1
324,0,0,2,0,0,0,2,2,2,2,2,0,0,0,2,2,0
325,0,2,0,2,2,2,0,0,0,2,1,2,2,2,0,2,1
326,2,0,0,0,0,0,2,2,2,2,0,0,0,0,2,2,0
327,0,0,2,0,0,2,1,2,1,2,2,2,0,2,2,1,0
328,2,0,2,0,0,0,2,2,2,0,2,0,0,0,2,1,0
329,2,0,2,0,0,0,2,2,2,0,2,0,0,0,2,2,0
330,0,0,0,2,2,0,0,0,0,2,0,2,2,2,0,0,1
331,2,1,2,0,0,0,2,2,2,0,0,0,0,0,2,1,0
332,0,0,0,0,0,2,2,2,2,0,2,0,0,2,2,2,0
333,0,0,0,2,2,2,2,0,0,2,0,2,0,2,2,2,1
334,2,2,2,0,2,2,0,0,1,2,0,0,0,2,2,1,0
335,0,1,2,1,0,2,2,2,2,2,2,0,1,1,2,2,0
336,0,0,2,0,0,2,2,2,2,2,2,0,2,2,0,2,0
337,2,0,2,0,0,0,2,2,2,0,0,0,0,0,2,2,0
338,2,0,2,0,0,0,2,2,2,2,0,0,0,0,0,2,0
339,2,0,2,0,0,0,2,2,2,0,0,0,0,0,2,1,0
340,2,2,2,0,0,0,2,2,2,2,0,0,2,0,2,2,0
341,2,2,2,2,2,2,0,0,0,0,2,2,2,2,0,2,0
342,2,0,2,0,2,2,2,0,0,0,2,0,0,2,0,2,0
343,2,0,2,0,0,0,2,2,2,0,0,0,2,0,2,1,0
344,0,0,2,0,0,0,2,2,2,2,2,0,1,0,2,1,0
345,2,0,2,0,2,2,0,0,2,2,0,0,2,2,0,2,0
346,0,2,0,2,2,2,0,0,0,0,0,2,2,2,0,0,1
347,0,2,0,2,2,2,0,0,2,2,0,2,2,2,0,2,1
348,2,2,2,0,0,0,2,2,2,0,0,0,0,0,0,1,0
349,2,0,0,2,2,0,2,2,2,0,0,2,2,2,0,2,1
350,0,2,2,2,2,2,0,2,2,2,2,2,2,2,0,2,0
351,0,2,0,2,2,2,0,0,0,2,2,2,2,2,0,2,1
352,0,2,0,0,2,2,0,0,0,0,0,2,2,2,2,2,0
353,0,2,0,0,0,2,2,0,2,0,2,0,0,0,2,2,0
354,0,2,2,2,2,2,2,0,2,2,0,2,2,2,0,2,1
355,0,0,0,2,2,2,0,0,0,2,0,2,0,2,0,2,1
356,2,0,2,0,0,0,2,2,2,2,0,1,0,0,2,2,0
357,0,0,2,0,0,2,0,2,2,2,0,0,0,2,0,2,0
358,0,1,1,2,2,2,0,0,0,2,0,2,2,2,1,2,1
359,0,0,0,2,2,2,0,0,0,2,0,2,2,2,0,0,1
360,0,2,0,2,2,0,0,0,0,0,1,1,2,2,0,0,1
361,0,0,2,0,0,2,2,2,2,0,2,2,0,2,2,1,0
362,0,0,0,2,2,0,0,0,0,0,0,2,0,2,1,2,1
363,0,2,0,2,2,2,0,1,0,0,1,1,1,2,0,1,1
364,0,0,0,2,2,2,0,0,0,0,0,2,2,2,0,0,1
365,0,0,2,0,0,2,2,2,2,2,0,0,0,2,0,2,0
366,2,0,2,0,0,0,1,2,2,1,0,0,0,0,2,1,0
367,2,0,2,0,0,2,2,2,2,0,0,0,0,2,0,1,0
368,2,0,0,0,2,2,1,0,1,0,0,0,0,2,1,0,0
369,0,0,2,0,0,2,2,2,2,2,2,0,0,0,1,2,0
370,0,2,0,2,2,2,0,0,0,2,0,2,2,2,1,0,1
371,0,2,0,2,2,2,0,0,0,2,0,2,2,2,0,1,1
372,2,0,2,2,0,0,0,2,2,2,0,0,0,2,2,2,1
373,0,2,2,2,2,2,2,2,2,0,0,2,2,2,0,2,1
374,2,0,2,0,2,2,2,0,1,0,2,0,2,2,2,1,0
375,2,0,2,0,0,0,2,2,2,0,2,0,0,0,2,2,0
376,2,0,2,0,0,0,2,2,2,2,0,0,0,2,2,2,0
377,2,2,2,0,0,1,2,2,2,2,0,0,0,0,2,1,0
378,2,0,2,0,0,1,2,2,2,0,1,1,0,1,1,1,0
379,0,2,0,2,2,2,2,2,0,0,2,2,2,2,2,2,1
380,0,0,0,2,2,2,0,0,0,2,0,2,2,2,0,0,1
381,2,2,2,0,0,0,2,2,2,0,0,0,0,0,1,1,0
382,0,0,0,2,2,0,0,0,0,0,0,2,0,2,0,0,1
383,2,1,2,0,0,0,2,2,2,0,0,0,2,0,2,2,0
384,2,0,2,0,0,0,2,2,2,0,0,0,0,0,0,2,0
385,2,2,0,2,2,2,0,0,0,2,0,2,2,2,0,0,1
386,0,2,0,2,2,2,0,0,0,0,0,2,2,2,0,2,1
387,0,0,0,2,2,2,0,0,0,0,0,2,2,2,0,0,1
388,0,2,2,2,2,2,0,0,0,0,2,2,1,2,0,0,0
389,0,2,0,2,2,2,0,0,0,0,0,2,2,2,0,2,1
390,2,2,2,0,0,0,2,2,2,0,2,0,0,0,0,2,0
391,2,0,0,2,2,2,0,0,0,2,0,2,2,2,0,0,1
392,2,0,2,0,0,0,2,2,2,2,2,0,0,0,2,2,0
393,2,2,2,0,0,0,2,2,2,0,2,0,0,0,2,1,0
394,0,2,2,0,0,2,2,2,0,2,0,0,0,0,2,2,0
395,0,0,1,0,2,2,0,0,0,0,2,2,2,2,0,2,0
396,1,2,0,0,0,0,2,2,2,2,2,0,0,2,2,2,0
397,0,0,2,0,0,0,2,2,2,0,2,0,0,0,2,2,0
398,1,1,2,0,0,0,2,2,2,1,1,0,0,0,1,1,0
399,2,2,2,0,0,0,2,2,2,0,0,0,0,0,2,1,0
400,2,0,2,0,0,0,2,2,2,2,0,0,0,2,2,2,0
401,2,2,2,0,0,0,2,2,0,2,2,0,0,1,2,2,0
402,2,2,2,0,0,0,2,2,0,2,0,0,0,0,0,2,0
403,2,2,2,0,0,2,2,2,2,2,0,0,1,0,2,1,0
404,2,2,2,0,1,2,0,1,0,0,2,0,2,2,0,1,0
405,0,0,2,0,0,2,2,1,2,2,2,0,0,0,2,2,0
406,2,0,0,2,2,2,0,0,0,2,0,1,2,2,0,0,1
407,2,2,2,0,0,0,2,2,2,0,2,0,0,0,0,2,0
408,2,2,0,2,2,2,0,0,0,2,2,0,2,0,0,0,1
409,0,2,2,0,0,2,2,2,2,2,2,0,2,0,2,1,0
410,2,2,2,0,0,0,2,2,2,0,2,0,0,0,2,2,0
411,2,1,0,2,2,2,0,0,0,2,0,2,1,2,0,2,1
412,0,0,2,0,0,0,2,2,2,0,0,0,0,0,2,1,0
413,2,0,2,0,0,0,2,2,2,2,0,0,0,0,0,2,0
414,0,2,0,2,2,2,0,0,0,2,0,2,2,2,0,0,1
415,1,0,2,2,0,2,2,2,2,2,0,2,0,2,0,2,1
416,2,0,2,0,0,2,2,2,2,2,2,0,0,2,2,2,0
417,0,0,2,0,2,0,2,2,2,0,0,0,0,2,1,2,0
418,2,2,2,0,0,0,2,2,2,0,0,0,0,0,2,2,0
419,0,2,0,2,2,2,2,0,0,0,2,2,2,2,0,2,1
420,0,0,0,2,2,2,1,1,1,1,0,2,2,2,0,2,1
421,0,2,2,0,0,0,2,2,1,2,0,0,2,0,2,2,0
422,2,1,2,0,0,0,2,2,2,0,0,0,0,0,2,1,0
423,2,2,2,0,2,2,0,2,0,2,2,0,2,2,0,1,0
424,0,2,0,2,2,2,0,0,0,0,0,2,2,2,0,2,1
425,0,0,0,2,2,2,0,0,0,2,0,2,0,2,0,2,1
426,2,2,2,0,2,2,2,2,2,2,2,0,2,2,0,1,0
427,2,2,2,0,0,2,2,2,2,2,2,2,2,2,0,1,0
428,0,0,0,2,2,2,0,0,0,2,0,2,2,2,0,2,1
429,1,2,2,1,2,2,0,0,0,0,2,0,2,2,0,0,0
430,0,2,0,2,2,2,0,0,0,0,0,2,2,2,0,0,1
431,0,0,2,0,0,0,2,2,2,0,0,0,0,0,2,2,0
432,0,2,0,0,2,2,0,0,0,2,2,0,2,2,0,0,0
433,0,0,0,2,2,2,2,0,0,2,0,0,0,2,2,2,1
434,2,2,0,0,0,0,2,2,1,0,2,0,0,0,2,1,0
